Frame	Volume
1	1958.76
2	1873.69
3	1913.1
4	1896.07
5	1874.49
6	1909.7
7	1932.18
8	1934.62
9	1913.33
10	1901.62
11	1965.51
12	1920.75
13	1919.12
14	1903.21
15	1876.54
16	1909.25
17	1953.76
18	1948.19
19	1944.51
20	1879.76
21	1905.07
22	1931.32
23	1875.28
24	1969.33
25	1899.93
26	1916.29
27	1947.33
28	1931.21
29	1895.1
30	1930.69
31	1954.18
32	1910.89
33	1899.66
34	1920.66
35	1881.13
36	1921.79
37	1886.47
38	1935.83
39	1895.55
40	1954.49
41	1899.59
42	1952
43	1906.68
44	1923.66
45	1954.41
46	1875.68
47	1913.04
48	1933.21
49	1922.84
50	1923.34
51	1965.31
52	1887.25
53	1891.59
54	1939.17
55	1899.64
56	1928.27
57	1859.09
58	1888.9
59	1869.14
60	1857.09
61	1949.44
62	1953.75
63	1917.04
64	1900.64
65	1932.38
66	1901.21
67	1933.02
68	1906.46
69	1904.37
70	1961.38
71	1865.81
72	1886.36
73	1932.49
74	1950.26
75	1914.16
76	1916.51
77	1937.37
78	1974.01
79	1896.08
80	1900.44
81	1915.67
82	1902.7
83	1902.49
84	1905.39
85	1903.01
86	1946.57
87	1922.21
88	1890.56
89	1886.08
90	1933.1
91	1890.34
92	1825.77
93	1916.45
94	1929.97
95	1933.95
96	1926.58
97	1882.77
98	1925.38
99	1922.7
100	1961.48
101	1941.77
102	1881.69
103	1919.42
104	1917.01
105	1961.41
106	1938.3
107	1943.14
108	1937.86
109	1893.17
110	1884.71
111	1964.08
112	1926.87
113	1896.74
114	1905.15
115	1900.14
116	1961.53
117	1961.35
118	1952.32
119	1893.2
120	1929.57
121	1902.28
122	1917.2
123	1902.15
124	1940.45
125	1953.86
126	1944.47
127	1900.58
128	1949.28
129	1904.38
130	1922.56
131	1960.27
132	1937.12
133	1883.04
134	1881.93
135	1898.01
136	1949.11
137	1915.84
138	1926
139	2003.16
140	1884.17
141	1888.11
142	1938.67
143	1955.87
144	1893.99
145	1905.57
146	1909.38
147	1930.29
148	1891.48
149	1951.31
150	1895.25
151	1871.98
152	1908.61
153	1866.74
154	1914.05
155	1971.58
156	1853.66
157	1904.45
158	1883.97
159	1933.84
160	1926.34
161	1877.62
162	1892.82
163	1940.02
164	1910.33
165	1944.62
166	1910.36
167	1934.79
168	1893.71
169	1888.48
170	1986.52
171	1927.73
172	1977.14
173	1867.84
174	1946.06
175	1842.42
176	1891.01
177	1902.16
178	1901.2
179	1911.61
180	1942.09
181	1917.1
182	1934.48
183	1917.75
184	1908.53
185	1951.21
186	1949.59
187	1843.52
188	1924.86
189	1898.56
190	1881.79
191	1927.6
192	1958.71
193	1939.33
194	1877.14
195	1941.43
196	1911.87
197	1927.94
198	1939.38
199	1877.32
200	1915.67
201	1885.01
202	1886.95
203	1915.75
204	1899.06
205	1876.86
206	1898.92
207	1887.88
208	1973.21
209	1893.18
210	1927.92
211	1929.7
212	1885.76
213	1861.86
214	1918.46
215	1893.83
216	1874.74
217	1940.88
218	1948.03
219	1947.62
220	1913.39
221	1940.08
222	1928.4
223	1925.64
224	1923.5
225	1926.01
226	1920.45
227	1891.32
228	1913.49
229	1979.25
230	1913.69
231	1895.33
232	1905.06
233	1935.56
234	1911.25
235	1933.91
236	1932.6
237	1879.8
238	1924.25
239	1932.52
240	1932.71
241	1912.5
242	1862.07
243	1870.57
244	1913.81
245	1923.67
246	1914.34
247	1904.03
248	1915.93
249	1895.12
250	1899.24
251	1949.75
252	1952.18
253	1841.31
254	1918.17
255	1914.14
256	1942.46
257	1877.54
258	1937.16
259	1935.57
260	1972.05
261	1916.32
262	1933.52
263	1907.04
264	1922.49
265	1907.24
266	1925.54
267	1902.32
268	1913.06
269	1902.48
270	1929.81
271	1903.56
272	1875.97
273	1907.74
274	1864.22
275	1896.47
276	1932.74
277	1911.5
278	1914.26
279	1930.76
280	1901.85
281	1934.28
282	1947.5
283	1907.14
284	1888.08
285	1929.78
286	1942.94
287	1880.01
288	1912.3
289	1932.39
290	1931.44
291	1927.93
292	1908.79
293	1905.84
294	1935.49
295	1915.32
296	1884.28
297	1916.65
298	1904.34
299	1891.22
300	1923.89
301	1902.22
302	1948.53
303	1914.05
304	1949.06
305	1918.89
306	1922.94
307	1913.32
308	1883.18
309	1902.82
310	1883.91
311	1908.51
312	1918.99
313	1852.88
314	1898.03
315	1885.35
316	1919.54
317	1905.21
318	1866.88
319	1978.71
320	1885.63
321	1941.7
322	1921.48
323	1874.72
324	1947.84
325	1925.78
326	1930.23
327	1951.52
328	1897.77
329	1917.68
330	1998.11
331	1954.01
332	1918.32
333	1920.4
334	1925.61
335	1891.46
336	1872.1
337	1959.59
338	1920.97
339	1918.28
340	1915.77
341	1888.87
342	1883.62
343	1940.22
344	1946.79
345	1916.31
346	1950.03
347	1917.26
348	1930.14
349	1957.19
350	1957.04
351	1954.05
352	1930.28
353	1918
354	1954.17
355	1874.78
356	1867.52
357	1919.83
358	1934.91
359	1932
360	1886.88
361	1913.93
362	1962.54
363	1886.5
364	1860.61
365	1957.63
366	1913.75
367	1893.08
368	1901.54
369	1938.12
370	1906.82
371	1880.73
372	1919.5
373	1876.98
374	1929.11
375	1930.4
376	1957.74
377	1908.56
378	1924.73
379	1953.67
380	1858.33
381	1950.68
382	1895.48
383	1923.48
384	1918.9
385	1936.91
386	1917.51
387	1974.32
388	1903.94
389	1906.6
390	1906.86
391	1925.82
392	1924.52
393	1943.29
394	1950.34
395	1932.6
396	1908.51
397	1909.07
398	1976.13
399	1900.32
400	1946.08
401	1924.58
402	1893.11
403	1892.33
404	1912.4
405	1879.34
406	1919.89
407	1884.09
408	1891.82
409	1922.52
410	1959.13
411	1932.55
412	1912.21
413	1887.04
414	1891.75
415	1919.7
416	1906.87
417	1922.1
418	1880.71
419	1949.8
420	1926.47
421	1937.07
422	1949.04
423	1886.27
424	1983.93
425	1915.83
426	1904.56
427	1934.71
428	1941.48
429	1915.16
430	1951.95
431	1929.66
432	1891.41
433	1967.77
434	1893.89
435	1891.21
436	1919.82
437	1908.18
438	1897.48
439	1884.66
440	1920.6
441	1861.76
442	1932.26
443	1918.58
444	1903.96
445	1982.86
446	1911.09
447	1904.83
448	1851.97
449	1934.4
450	1884.61
451	1956.01
452	1930.48
453	1933.98
454	1900.49
455	1880.08
456	1964
457	1957.95
458	1927.17
459	1939.32
460	1920.83
461	1940.16
462	1872.58
463	1895.68
464	1940.8
465	1909.21
466	1900.7
467	1898.9
468	1918.96
469	1860.86
470	1901.72
471	1929.02
472	1929.77
473	1910.65
474	1916.63
475	1902.91
476	1897.66
477	1879.24
478	1924.2
479	1945.88
480	1898.37
481	1918.46
482	1985.78
483	1883.1
484	1919.14
485	1949.99
486	1927.02
487	1954.4
488	1863.88
489	1862.39
490	1925.36
491	1933.79
492	1897.84
493	1892.24
494	1893.79
495	1914.84
496	1868.51
497	1925.18
498	1910.86
499	1914.62
500	1905.93
501	1945.78
502	1885.13
503	1867.14
504	1945.94
505	1884.82
506	1924.67
507	1918.25
508	1914.92
509	1886.11
510	1895.77
511	1912.32
512	1927.16
513	1926.63
514	1895.81
515	1903.92
516	1953.12
517	1910.5
518	1934
519	1928.59
520	1889.02
521	1922.05
522	1934.76
523	1941.45
524	1900.16
525	1927.94
526	1892.52
527	1906.56
528	1927.33
529	1877.21
530	1876.79
531	1939.85
532	1947.21
533	1943.94
534	1930.62
535	1880.44
536	1914.19
537	1910.79
538	1900.86
539	1922.75
540	1909.04
541	1967.07
542	1901.4
543	1926.25
544	1987.1
545	1930.53
546	1835.24
547	1869.49
548	1958.79
549	1907.38
550	1932.66
551	1918.2
552	1924.38
553	1945.1
554	1908.76
555	1884.24
556	1929.03
557	1890.33
558	1939.59
559	1921.8
560	1946.93
561	1944.38
562	1908.27
563	1906.91
564	1876.96
565	1921.17
566	1889.77
567	1879.8
568	1964.18
569	1889.03
570	1891.52
571	1936.94
572	1911.35
573	1881.85
574	1903.66
575	1907.1
576	1992.82
577	1899.51
578	1948.79
579	1937.78
580	1932.35
581	1963.75
582	1898.89
583	1906.4
584	1938.58
585	1906.97
586	1907.58
587	1901.96
588	1937.69
589	1944.53
590	1897.9
591	1960.97
592	1889.03
593	1897.29
594	1874.03
595	1922.27
596	1876.3
597	1943.45
598	1953.05
599	1945.87
600	1980.54
601	1905.55
602	1928.55
603	1956.36
604	1901.01
605	1903.1
606	1959.43
607	1869.34
608	1912.97
609	1911.81
610	1948.79
611	1891.84
612	1898.05
613	1917.22
614	1889.89
615	1877.63
616	1936.56
617	1884.39
618	1924.04
619	1930.87
620	1928.47
621	1899.1
622	1857.15
623	1914.2
624	1902.38
625	1882.74
626	1909.9
627	1912.12
628	1911.15
629	1905.61
630	1874.39
631	1943.51
632	1910.41
633	1932.12
634	1944.83
635	1910.55
636	1892.24
637	1880.64
638	1904.6
639	1905.79
640	1911.3
641	1911.77
642	1927.72
643	1938.22
644	1899.64
645	1917.36
646	1946.64
647	1945.38
648	1939.74
649	1952.02
650	1933.07
651	1924.46
652	1865.54
653	1904.95
654	1945.65
655	1921.62
656	1933.36
657	1926.13
658	1931.59
659	1886.61
660	1917.63
661	1917.96
662	1936.45
663	1906.52
664	1891.46
665	1945.02
666	1953.12
667	1898.08
668	1911.06
669	1939.55
670	1928.22
671	1921.22
672	1919.07
673	1931.72
674	1920.23
675	1924.79
676	1974.95
677	1920.07
678	1913.65
679	1908.42
680	1906.45
681	1901.09
682	1896.19
683	1884.28
684	1897.31
685	1885.32
686	1875.09
687	1966.21
688	1887.33
689	1930.9
690	1923.94
691	1890.06
692	1905.87
693	1952.17
694	1936.97
695	1928.23
696	1923.36
697	1909.26
698	1879.68
699	1973.23
700	1861.61
701	1918.16
702	1923.79
703	1887.07
704	1917.76
705	1835.85
706	1857.43
707	1941.18
708	1923.81
709	1888.13
710	1891.62
711	1994.13
712	1880.45
713	1916.22
714	1944.26
715	1943.97
716	1920.03
717	1945.67
718	1907.1
719	1892.6
720	1889.94
721	1917.89
722	1956.42
723	1917.52
724	1905.12
725	1938.06
726	1929.98
727	1940.88
728	1944.19
729	1969.32
730	1889.21
731	1922.8
732	1939.66
733	1893.84
734	1943.51
735	1926.43
736	1918.85
737	1886.8
738	1949.76
739	2005.76
740	1958.87
741	1916.33
742	1920.7
743	1921.68
744	1913.33
745	1884.71
746	1896.8
747	1898.9
748	1925.45
749	1917.24
750	1977.29
751	1864.87
752	1936.4
753	1915.08
754	1916.51
755	1932.06
756	1925.09
757	1945.41
758	1886.1
759	1903.2
760	1956.61
761	1941.92
762	1902.42
763	1967.17
764	1889.58
765	1931.77
766	1983.06
767	1909.65
768	1898.8
769	1943.23
770	1905.79
771	1909.03
772	1968.25
773	1904.79
774	1905.03
775	1900.56
776	1926.96
777	1945.9
778	1916.82
779	1899.35
780	1925.09
781	1946.08
782	1909.79
783	1897.05
784	1946.15
785	1906.97
786	1907.83
787	1933.8
788	1919.74
789	1963.24
790	1965.77
791	1898.79
792	1938.13
793	1935.6
794	1910.63
795	1919.14
796	1905.52
797	1934.82
798	1931.34
799	1902.54
800	1895.1
801	1868.33
802	1942.14
803	1877.96
804	1897.12
805	1925.66
806	1941.19
807	1881.17
808	1940.54
809	1890.66
810	1931.14
811	1881.75
812	1896.89
813	1897.89
814	1868.28
815	1955.64
816	1889.47
817	1941.9
818	1899.9
819	1910.45
820	1926.32
821	1906.99
822	1881.47
823	1934.3
824	1937.42
825	1913.16
826	1894.47
827	1909.09
828	1954.32
829	1891.44
830	1908.73
831	1932.24
832	1908.89
833	1897.84
834	1847.4
835	1899.81
836	1885.69
837	1913.33
838	1912.75
839	1929.52
840	1913.9
841	1956.71
842	1877.58
843	1932.23
844	1883.35
845	1895.5
846	1936.26
847	1865.73
848	1953.35
849	1936.29
850	1943.77
851	1901.65
852	1935.98
853	1923.86
854	1952.95
855	1872.48
856	1908.04
857	1877.21
858	1903
859	1906.32
860	1886.12
861	1942.98
862	1922.98
863	1903.78
864	1914.03
865	1921.64
866	1916.36
867	1927.85
868	1906.9
869	1948.47
870	1929.37
871	1860.32
872	1939.13
873	1924.68
874	1948.86
875	1914.12
876	1928.39
877	1925.89
878	1935.49
879	1871.6
880	1905.63
881	1928.2
882	1920.5
883	1941.78
884	1931.1
885	1850.75
886	1971.85
887	1938.01
888	1873.5
889	1898.85
890	1879.01
891	1916.63
892	1922.19
893	1971.2
894	1986.14
895	1879.72
896	1920.01
897	1951.37
898	1916.62
899	1963.03
900	1914.52
901	1907.72
902	1870.99
903	1920.55
904	1921.7
905	1885.31
906	1867.87
907	1972.52
908	1925.8
909	1953.24
910	1972
911	1941
912	1922.23
913	1924.03
914	1946.16
915	1906.31
916	1936.15
917	1941.62
918	1913.51
919	1902.05
920	1950.53
921	1896.87
922	1860.24
923	1909.37
924	1921.72
925	1931.62
926	1887.16
927	1901.35
928	1949.06
929	1915.64
930	1905.09
931	1909.81
932	1909.23
933	1933.8
934	1865.03
935	1874.85
936	1888.18
937	1887.24
938	1903.07
939	1902.28
940	1908.33
941	1959.03
942	1948.26
943	1910.35
944	1952.35
945	1910.69
946	1919.9
947	1936.02
948	1899.32
949	1955.01
950	1963.09
951	1882.05
952	1975.65
953	1972
954	1947.89
955	1919.05
956	1975.73
957	1920.92
958	1951.2
959	1866.14
960	1925.22
961	1920.26
962	1938.77
963	1889.53
964	1928.81
965	1870.31
966	1912.62
967	1922.01
968	1865.34
969	1961.1
970	1852
971	1894.99
972	1918.24
973	1947.85
974	1906.44
975	1902.54
976	1911.52
977	1885.17
978	1922.9
979	1903.47
980	1968.16
981	1886.17
982	1947.65
983	1922.61
984	1901.36
985	1917.32
986	1845.8
987	1920.81
988	1917.07
989	1972.95
990	1877.11
991	1922.23
992	1893.89
993	1949.23
994	1900.15
995	1943.29
996	1940.09
997	1893.6
998	1918.82
999	1968.36
1000	1881.32
1001	2001.01
1002	1903.64
