Frame	Volume
1	330.333
2	340.021
3	336.962
4	347.463
5	340.434
6	328.591
7	348.194
8	360.939
9	363.783
10	334.888
11	338.193
12	345.381
13	340.716
14	334.106
15	322.379
16	336.275
17	341.102
18	337.584
19	346.876
20	352.542
21	355.423
22	392.045
23	382.508
24	373.193
25	334.37
26	335.3
27	323.202
28	312.484
29	326.201
30	341.21
31	342.575
32	359.759
33	338.073
34	340.692
35	341.355
36	305.061
37	338.454
38	352.554
39	363.372
40	364.688
41	335.576
42	351.93
43	323.143
44	348.264
45	348.545
46	331.065
47	339.873
48	342.144
49	344.194
50	349.8
51	357.873
52	318.012
53	329.05
54	332.024
55	346.888
56	344.558
57	300.704
58	333.352
59	304.787
60	302.418
61	361.238
62	338.156
63	349.116
64	323.244
65	317.363
66	331.218
67	305.573
68	338.983
69	311.389
70	376.147
71	314.053
72	345.034
73	354.515
74	329.639
75	332.974
76	341.211
77	330.708
78	344.217
79	324.013
80	354.887
81	331.17
82	347.651
83	355.608
84	376.725
85	342.12
86	341.858
87	349.451
88	318.043
89	362.695
90	346.298
91	371.085
92	342.165
93	331.638
94	326.645
95	324.284
96	355.034
97	334.451
98	324.541
99	340.899
100	324.398
101	348.234
102	336.365
103	370.366
104	330.23
105	329.478
106	350.84
107	341.903
108	359.142
109	332.373
110	328.839
111	343.865
112	386.459
113	326.362
114	327.707
115	344.225
116	364.221
117	369.828
118	350.831
119	333.924
120	360.227
121	343.258
122	338.384
123	351.601
124	357.348
125	328.164
126	366.762
127	335.635
128	347.625
129	326.119
130	315.811
131	357.082
132	354.731
133	334.711
134	375.408
135	332.355
136	339.719
137	335.887
138	362.551
139	312.017
140	329.354
141	326.291
142	361.549
143	361.133
144	356.124
145	369.344
146	389.479
147	336.034
148	328.939
149	364.579
150	329.08
151	292.687
152	323.919
153	342.031
154	362.452
155	330.389
156	305.221
157	312.68
158	333.957
159	323.503
160	347.414
161	341.457
162	323.568
163	344.309
164	337.449
165	336.474
166	404.831
167	349.58
168	360.707
169	324.522
170	333.651
171	333.466
172	362.432
173	325.455
174	338.77
175	343.288
176	367.001
177	338.756
178	337.302
179	348.871
180	345.879
181	319.104
182	346.936
183	351.515
184	362.907
185	381.511
186	356.188
187	321.5
188	320.537
189	335.464
190	320.944
191	339.937
192	348.903
193	335.874
194	364.389
195	379.609
196	348.955
197	348.11
198	348.149
199	315.694
200	336.604
201	329.686
202	327.595
203	322.461
204	334.7
205	314.462
206	355.142
207	328.4
208	353.89
209	312.761
210	328.939
211	340.598
212	343.146
213	317.469
214	318.05
215	357.763
216	337.339
217	320.695
218	323.266
219	336.168
220	327.709
221	349.21
222	355.022
223	357.994
224	323.733
225	364.826
226	348.133
227	343.649
228	336.524
229	343.66
230	343.136
231	315.298
232	348.435
233	362.775
234	347.8
235	374.187
236	352.628
237	330.784
238	329.235
239	312.991
240	325.229
241	355.492
242	311.474
243	333.296
244	360.316
245	332.929
246	329.301
247	307.621
248	375.416
249	314.755
250	344.6
251	349.985
252	374.849
253	324.285
254	330.876
255	318.037
256	328.883
257	325.31
258	369.453
259	312.416
260	349.375
261	324.333
262	346.82
263	337.751
264	335.971
265	339.533
266	340.897
267	383.139
268	332.373
269	348.63
270	354.081
271	333.584
272	327.295
273	306.719
274	337.272
275	353.155
276	343.233
277	366.277
278	334.702
279	356.524
280	311.044
281	326.538
282	331.434
283	331.618
284	318.29
285	318.824
286	335.072
287	342.487
288	338.537
289	356.208
290	380.114
291	351.176
292	323.591
293	330.53
294	353.783
295	335.272
296	322.011
297	323.545
298	329.307
299	311.145
300	343.43
301	320.023
302	342.124
303	334.654
304	358.317
305	331.973
306	317.371
307	363.501
308	314.972
309	354.986
310	355.404
311	342.765
312	335.19
313	322.521
314	357.839
315	341.45
316	327.466
317	343.301
318	340.813
319	368.633
320	356.956
321	338.49
322	332.273
323	330.23
324	332.889
325	344.164
326	333.544
327	372.203
328	346.756
329	350.738
330	363.144
331	352.19
332	336.727
333	299.518
334	316.804
335	347.788
336	321.97
337	354.99
338	351.573
339	395.049
340	335.941
341	315.499
342	327.609
343	329.407
344	345.494
345	369.433
346	347.146
347	335.629
348	328.669
349	351.145
350	347.144
351	331.713
352	304.955
353	336.81
354	331.46
355	345.775
356	336.851
357	322.276
358	337.692
359	325.356
360	359.658
361	326.484
362	335.735
363	347.191
364	326.743
365	322.817
366	343.247
367	344.594
368	339.331
369	336.661
370	317.274
371	319.608
372	371.587
373	307.905
374	340.329
375	365.674
376	367.718
377	371.761
378	300.462
379	314.577
380	318.519
381	334.277
382	328.505
383	326.887
384	312.807
385	322.497
386	320.865
387	390.676
388	364.451
389	354.364
390	318.776
391	343.641
392	373.437
393	391.882
394	345.977
395	357.366
396	352.081
397	320.968
398	350.651
399	328.139
400	358.648
401	328.421
402	326.956
403	351.039
404	337.277
405	311.38
406	315.857
407	322.939
408	332.692
409	320.645
410	358.21
411	319.982
412	320.691
413	320.418
414	337.482
415	334.142
416	317.391
417	357.602
418	334.549
419	367.832
420	389.39
421	366.636
422	314.406
423	342.322
424	338.765
425	347.213
426	319.808
427	361.772
428	341.143
429	336.704
430	357.673
431	326.357
432	320.346
433	348.894
434	316.824
435	344.93
436	332.225
437	370.309
438	364.242
439	343.948
440	326.269
441	326.302
442	346.653
443	312.194
444	319.181
445	350.756
446	321.699
447	347.081
448	354.317
449	386.378
450	335.304
451	323.157
452	330.249
453	343.44
454	337.748
455	312.752
456	330.223
457	372.852
458	331.247
459	346.68
460	346.651
461	343.597
462	328.965
463	315.351
464	360.109
465	352.387
466	349.877
467	349.927
468	360.445
469	320.424
470	335.403
471	333.38
472	341.059
473	364.936
474	366.526
475	349.218
476	353.772
477	339.158
478	318.085
479	333.767
480	321.913
481	342.37
482	384.142
483	362.964
484	325.071
485	358.017
486	319.918
487	355.883
488	330.673
489	313.438
490	319.908
491	370.818
492	329.509
493	314.342
494	350.423
495	349.512
496	313.036
497	402.153
498	324.127
499	332.649
500	322.861
501	345.333
502	329.131
503	320.816
504	330.862
505	353.389
506	329.314
507	347.658
508	330.349
509	348.748
510	323.933
511	339.075
512	346.985
513	360.286
514	327.75
515	314.434
516	365.576
517	313.415
518	317.653
519	377.931
520	347.861
521	337.59
522	350.124
523	330.148
524	323.396
525	336.246
526	347.735
527	331.025
528	341.379
529	329.722
530	327.557
531	351.584
532	379.66
533	356.37
534	347.339
535	345.231
536	344.381
537	372.842
538	338.279
539	350.112
540	326.147
541	335.209
542	331.811
543	349.057
544	351.876
545	369.396
546	338.397
547	343.238
548	344.268
549	333.24
550	344.401
551	313.093
552	370.618
553	374.523
554	380.296
555	325.455
556	321.282
557	350.151
558	349.848
559	341.972
560	374.722
561	363.65
562	336.854
563	319.512
564	322.591
565	368.763
566	332.856
567	338.195
568	374.04
569	325.158
570	338.246
571	312.874
572	341.963
573	315.115
574	327.991
575	351.943
576	380.58
577	337.487
578	361.039
579	328.472
580	351.568
581	359.665
582	347.255
583	359.888
584	330.238
585	360.231
586	326.932
587	350.457
588	337.08
589	342.516
590	315.233
591	362.228
592	350.936
593	321.591
594	344.4
595	350.094
596	328.256
597	338.293
598	370.838
599	335.665
600	383.504
601	308.512
602	352.45
603	355.389
604	336.372
605	356.885
606	352.785
607	318.127
608	336.076
609	326.175
610	339.644
611	334.597
612	334.524
613	344.103
614	339.237
615	352.024
616	355.778
617	336.943
618	350.931
619	358.886
620	361.864
621	351.373
622	345.69
623	337.097
624	353.233
625	320.804
626	332.676
627	344.131
628	371.463
629	340.95
630	335.111
631	345.494
632	339.602
633	357.572
634	344.364
635	315.02
636	325.917
637	341.479
638	341.556
639	340.537
640	345.826
641	344.222
642	333.695
643	321.272
644	353.976
645	347.155
646	336.14
647	380.616
648	357.318
649	368.076
650	328.82
651	340.953
652	318.455
653	344.959
654	352.501
655	338.971
656	351.355
657	372.94
658	356.845
659	341.366
660	360.891
661	336.846
662	372.555
663	320.289
664	317.997
665	352.033
666	365.717
667	334.684
668	366.956
669	364.864
670	326.663
671	342.896
672	339.43
673	375.546
674	327.291
675	360.203
676	349.748
677	329.92
678	331.445
679	345.546
680	321.45
681	339.329
682	328.023
683	322.865
684	321.508
685	327.979
686	326.451
687	358.916
688	334.877
689	350.501
690	349.082
691	332.68
692	333.104
693	327.556
694	335.71
695	353.905
696	346.615
697	328.344
698	321.937
699	339.877
700	328.375
701	319.212
702	356.28
703	315.359
704	341.62
705	315.774
706	339.665
707	365.046
708	340.433
709	327.231
710	324.569
711	354.896
712	358.23
713	341.56
714	333.772
715	337.164
716	357.896
717	368.728
718	346.331
719	357.467
720	316.952
721	331.729
722	357.78
723	340.808
724	325.749
725	344.638
726	349.764
727	346.583
728	346.303
729	339.038
730	336.062
731	376.238
732	361.557
733	335.698
734	354.477
735	327.409
736	326.667
737	326.428
738	366.726
739	368.77
740	357.273
741	369.447
742	366.395
743	337.573
744	302.348
745	321.467
746	346.286
747	348.086
748	354.234
749	351.452
750	358.791
751	299.422
752	360.263
753	371.156
754	360.241
755	392.251
756	331.239
757	340.311
758	353.53
759	324.464
760	367.948
761	340.561
762	369.549
763	335.868
764	340.264
765	320.909
766	362.919
767	335.414
768	363.939
769	362.832
770	328.273
771	352.418
772	355.291
773	342.218
774	318.923
775	328.6
776	322.639
777	354.052
778	335.098
779	348.115
780	328.397
781	367.23
782	344.154
783	337.923
784	331.904
785	326.818
786	340.703
787	338.555
788	343.39
789	348.655
790	370.93
791	331.983
792	353.7
793	360.744
794	345.572
795	367.157
796	321.402
797	364.084
798	364.483
799	354.457
800	324.094
801	350.886
802	355.426
803	318.751
804	362.761
805	363.352
806	354.597
807	315.739
808	326.028
809	346.13
810	339.626
811	347.545
812	333.808
813	318.229
814	334.151
815	345.964
816	321.861
817	350.661
818	343.543
819	316.269
820	326.587
821	299.209
822	316.636
823	345.915
824	366.929
825	374.582
826	316.008
827	362.321
828	317.354
829	325.92
830	324.955
831	333.192
832	322.195
833	320.794
834	337.829
835	335.386
836	327.77
837	345.786
838	317.117
839	356.058
840	329.305
841	353.437
842	332.238
843	354.696
844	334.014
845	335.397
846	316.087
847	310.485
848	343.682
849	351.496
850	385.244
851	329.566
852	370.054
853	341.578
854	370.197
855	324.297
856	356.443
857	316.17
858	334.895
859	329.404
860	323.697
861	333.208
862	362.706
863	329.279
864	340.483
865	320.81
866	346.765
867	341.514
868	342.639
869	317.813
870	334.247
871	341.702
872	335.314
873	328.952
874	404.045
875	345.765
876	331.386
877	336.57
878	335.211
879	348.106
880	352.75
881	352.873
882	342.835
883	373.615
884	341.723
885	318.986
886	333.715
887	343.865
888	378.257
889	336.818
890	327.818
891	311.696
892	335.658
893	345.52
894	352.843
895	327.129
896	322.182
897	376.185
898	369.676
899	352.083
900	351.759
901	360.559
902	334.24
903	333.705
904	360.909
905	342.379
906	302.76
907	353.572
908	349.808
909	365.85
910	362.846
911	335.797
912	359.937
913	332.114
914	324.379
915	342.205
916	359.925
917	349.014
918	347.998
919	327.013
920	350.527
921	334.766
922	344.134
923	341.4
924	338.93
925	345.763
926	315.832
927	332.267
928	332.074
929	306.455
930	330.778
931	323.342
932	349.041
933	335.073
934	329.007
935	320.589
936	336.037
937	335.439
938	348.937
939	346.432
940	337.747
941	373.933
942	376.999
943	338.44
944	329.155
945	354.657
946	338.204
947	358.541
948	348.41
949	347.506
950	351.062
951	324.09
952	356.36
953	357.451
954	328.118
955	352.877
956	363.318
957	353.694
958	338.884
959	322.268
960	332.897
961	365.496
962	337.137
963	349.102
964	359.675
965	319.627
966	353.085
967	369.926
968	309.95
969	353.309
970	329.185
971	310.871
972	341.86
973	341.131
974	379.969
975	322.911
976	372.324
977	343.005
978	353.912
979	320.792
980	373.386
981	330.812
982	319.718
983	357.673
984	333.952
985	330.084
986	322.201
987	313.037
988	379.602
989	360.322
990	322.958
991	320.906
992	341.145
993	343.573
994	332.877
995	327.234
996	364.325
997	331.27
998	330.072
999	354.945
1000	343.053
1001	364.054
1002	347.058
