Frame	Volume
1	353.838
2	326.646
3	334.247
4	331.814
5	354.388
6	348.634
7	350.234
8	334.913
9	372.139
10	336.852
11	324.073
12	352.302
13	368.874
14	346.369
15	342.149
16	367.791
17	340.245
18	356.026
19	360.916
20	349.548
21	329.942
22	347.638
23	336.382
24	357.832
25	345.634
26	347.325
27	355.749
28	342.507
29	357.787
30	363.483
31	339.626
32	350.596
33	374.788
34	346.359
35	341.06
36	347.032
37	334.931
38	341.124
39	351.72
40	340.312
41	320.563
42	334.938
43	343.381
44	354.462
45	341.064
46	312.852
47	341.909
48	314.945
49	337.708
50	329.702
51	336.322
52	335.536
53	351.51
54	348.548
55	333.329
56	343.064
57	305.244
58	365.67
59	352.293
60	351.683
61	343.076
62	333.997
63	344.184
64	335.758
65	340.671
66	352.379
67	335.914
68	328.788
69	339.436
70	337.875
71	360.284
72	346.212
73	338.485
74	359.506
75	333.334
76	340.218
77	347.858
78	343.758
79	346.213
80	342.715
81	341.871
82	340.016
83	348.9
84	338.792
85	353.595
86	336.122
87	363.931
88	335.067
89	350.155
90	333.52
91	344.624
92	348.035
93	324.416
94	364.556
95	361.32
96	377.132
97	336.692
98	328.161
99	328.235
100	308.445
101	348.644
102	363.563
103	371.312
104	348.381
105	335.221
106	361.608
107	345.871
108	349.293
109	329.662
110	369.112
111	327.675
112	355.138
113	348.509
114	333.149
115	353.46
116	339.636
117	350.759
118	344.424
119	345.034
120	338.655
121	358.559
122	338.041
123	348.677
124	348.155
125	353.016
126	351.973
127	325.547
128	356.492
129	344.588
130	338.884
131	323.434
132	330.682
133	329.127
134	339.16
135	341.746
136	357.806
137	324.624
138	326.972
139	352.16
140	370.656
141	357.003
142	325.09
143	362.997
144	333.21
145	321.3
146	329.94
147	354.367
148	321.999
149	326.251
150	331.422
151	337.483
152	338.03
153	357.676
154	363.364
155	351.509
156	335.838
157	369.316
158	333.126
159	283.525
160	328.986
161	360.007
162	327.432
163	351.364
164	342.534
165	355.077
166	367.451
167	337.957
168	332.918
169	353.565
170	368.826
171	340.516
172	374.111
173	345.094
174	336.227
175	319.994
176	358.143
177	327.625
178	332.692
179	335.891
180	347.691
181	315.012
182	339.449
183	332.595
184	321.155
185	356.459
186	339.844
187	328.978
188	350.249
189	339.779
190	339.276
191	355.986
192	340.695
193	335.998
194	370.585
195	329.431
196	344.255
197	347.598
198	352.004
199	366.212
200	362.65
201	349.394
202	322.547
203	335.699
204	352.067
205	355.001
206	345.895
207	367.36
208	341.275
209	330.776
210	359.087
211	339.342
212	366.87
213	333.11
214	345.186
215	348.962
216	341.832
217	325.132
218	356.572
219	332.286
220	339.388
221	366.654
222	357.441
223	366.723
224	339.796
225	332.544
226	323.28
227	324.685
228	350.544
229	345.967
230	339.01
231	343.372
232	349.416
233	343.313
234	335.542
235	342.311
236	354.04
237	333.538
238	344.454
239	342.298
240	357.573
241	320.759
242	328.716
243	352.679
244	353.54
245	350.881
246	340.234
247	341.455
248	368.746
249	329.258
250	317.843
251	336.068
252	358.366
253	342.463
254	307.508
255	333.865
256	351.586
257	334.973
258	350.723
259	335.667
260	331.294
261	337.063
262	328.125
263	336.841
264	333.27
265	352.233
266	348.923
267	323.672
268	339.452
269	362.522
270	353.172
271	345.031
272	323.675
273	363.234
274	354.79
275	323.887
276	355.529
277	365.954
278	312.706
279	362.386
280	338.549
281	339.011
282	348.461
283	355.471
284	342.493
285	323.06
286	346.106
287	350.496
288	362.448
289	352.92
290	368.061
291	349.271
292	311.658
293	351.146
294	355.084
295	338.154
296	343.624
297	336.746
298	336.58
299	352.895
300	350.841
301	333.909
302	360.005
303	330.204
304	350.187
305	340.891
306	352.401
307	339.336
308	347.716
309	338.651
310	331.784
311	370.718
312	332.915
313	340.78
314	333.029
315	352.068
316	354.726
317	357.865
318	351.638
319	324.461
320	338.374
321	363.674
322	348.111
323	357.999
324	328.548
325	346.097
326	352.337
327	374.32
328	345.81
329	352.28
330	374.001
331	329.412
332	333.999
333	354.995
334	336.975
335	326.415
336	369.601
337	362.026
338	333.836
339	351.363
340	341.879
341	345.707
342	339.968
343	336.933
344	351.704
345	362.506
346	334.939
347	319.902
348	319.883
349	366.134
350	332.987
351	342.836
352	331.204
353	355.349
354	341.333
355	346.731
356	352.792
357	353.418
358	349.754
359	347.142
360	334.263
361	335.241
362	353.549
363	352.779
364	352.951
365	324.529
366	350.071
367	339.563
368	369.919
369	360.571
370	336.311
371	350.95
372	338.55
373	332.112
374	350.906
375	346.452
376	366.228
377	345.884
378	339.297
379	354.36
380	330.014
381	373.228
382	332.729
383	335.065
384	347.193
385	339.922
386	305.006
387	357.465
388	361.322
389	364.251
390	314.198
391	327.29
392	340.945
393	345.871
394	355.426
395	352.726
396	318.004
397	364.201
398	351.644
399	343.568
400	364.031
401	327.598
402	345.964
403	352.253
404	351.912
405	371.207
406	350.817
407	350.916
408	340.042
409	360.833
410	356.146
411	334.863
412	337.062
413	333.364
414	359.231
415	349.534
416	341.966
417	327.865
418	347.503
419	344.784
420	339.258
421	359.637
422	314.108
423	308.402
424	355.232
425	349.387
426	328.611
427	326.337
428	347.552
429	346.413
430	319.819
431	322.659
432	352.234
433	375.852
434	342.324
435	340.556
436	342.931
437	348.173
438	343.215
439	320.248
440	365.934
441	354.244
442	333.172
443	343.363
444	344.676
445	341.659
446	353.047
447	340.042
448	340.406
449	358.686
450	361.52
451	361.806
452	330.564
453	321.819
454	350.54
455	326.11
456	341.723
457	330.699
458	365.51
459	345.963
460	335.336
461	362.288
462	354.807
463	348.565
464	341.358
465	350.147
466	337.032
467	353.539
468	333.321
469	343.848
470	366.69
471	363.06
472	321.407
473	369.994
474	339.129
475	353.151
476	364.251
477	329.497
478	347.382
479	329.553
480	368.885
481	357.225
482	329.986
483	358.659
484	370.946
485	362.595
486	316.497
487	371.787
488	337.411
489	370.063
490	365.581
491	361.116
492	323.022
493	358.558
494	327.307
495	334.886
496	331.887
497	354.983
498	338.082
499	349.819
500	340.52
501	333.797
502	340.761
503	338.027
504	359.899
505	360.903
506	349.206
507	359.919
508	355.9
509	320.656
510	320.533
511	333.191
512	334.696
513	343.04
514	368.184
515	355.019
516	317.973
517	329.337
518	334.531
519	365.92
520	361.534
521	356.153
522	341.302
523	339.794
524	360.409
525	327.988
526	358.272
527	334.576
528	355.59
529	353.757
530	362.117
531	337.103
532	340.309
533	375.787
534	355.048
535	328.052
536	335.822
537	355.57
538	359.274
539	349.529
540	345.377
541	343.75
542	357.664
543	360.927
544	332.103
545	357.94
546	340.389
547	368.3
548	362.426
549	331.923
550	359.231
551	353.424
552	332.542
553	337.281
554	328.007
555	330.382
556	368.583
557	342.422
558	368.619
559	352.771
560	339.297
561	341.634
562	333.445
563	354.049
564	342.935
565	353.118
566	305.205
567	341.949
568	354.793
569	343.993
570	336.216
571	361.343
572	366.355
573	337.945
574	326.19
575	337.984
576	364.048
577	359.385
578	352.192
579	335.776
580	358.171
581	343.608
582	369.918
583	337.468
584	349.224
585	354.19
586	338.561
587	366.311
588	347.567
589	331.974
590	319.228
591	320.029
592	334.468
593	329.96
594	318.686
595	346.649
596	337.406
597	342.865
598	320.612
599	349.445
600	339.351
601	335.636
602	337.059
603	352.714
604	341.172
605	353.646
606	344.997
607	343.715
608	325.053
609	355.446
610	355.234
611	326.085
612	347.627
613	356.095
614	344.156
615	321.801
616	339.271
617	324.337
618	340.668
619	308.311
620	364.811
621	334.253
622	360.333
623	349.154
624	327.969
625	345.32
626	352.425
627	358.611
628	334.853
629	352.397
630	328.566
631	373.11
632	326.582
633	359.047
634	351.495
635	363.18
636	342.654
637	359.031
638	332.513
639	340.32
640	318.119
641	366.113
642	330.125
643	340.917
644	357.269
645	332.321
646	344.759
647	337.056
648	346.122
649	359.109
650	359.91
651	334.99
652	320.128
653	352.695
654	337.376
655	339.696
656	370.155
657	339.648
658	360.669
659	341.367
660	345.042
661	314.496
662	344.869
663	340.475
664	350.846
665	350.043
666	359.327
667	349.349
668	376.839
669	350.3
670	332.382
671	370.928
672	325.14
673	338.92
674	352.28
675	363.648
676	357.694
677	322.532
678	349.329
679	370.528
680	365.944
681	340.736
682	330.846
683	339.118
684	329.076
685	330.211
686	333.094
687	337.884
688	316.951
689	333.407
690	320.448
691	335.119
692	346.004
693	355.271
694	331.114
695	350.347
696	343.003
697	368.73
698	335.116
699	360.999
700	337.313
701	345.946
702	359.813
703	346.818
704	338.559
705	360.823
706	340.118
707	331.441
708	360.348
709	357.054
710	334.512
711	337.221
712	361.985
713	329.929
714	350.991
715	334.034
716	342.401
717	336.322
718	367.722
719	357.684
720	322.564
721	341.577
722	341.573
723	366.925
724	357.908
725	350.639
726	361.225
727	327.542
728	342.82
729	326.305
730	338.747
731	356.583
732	319.74
733	340.816
734	349.038
735	348.403
736	350.568
737	343.817
738	329.799
739	345.469
740	324.416
741	346.435
742	367.769
743	348.831
744	351.085
745	343.621
746	346.054
747	353.663
748	349.458
749	319.718
750	365.1
751	331.652
752	343.568
753	367.483
754	353.734
755	339.785
756	329.579
757	346.29
758	346.49
759	323.795
760	338.21
761	361.238
762	361.442
763	344.962
764	331.315
765	355.23
766	357.985
767	360.587
768	378.362
769	345.2
770	360.292
771	344.726
772	350.844
773	340.812
774	379.323
775	356.801
776	338.384
777	352.251
778	343.491
779	362.519
780	350.556
781	317.451
782	349.703
783	354.673
784	333.734
785	339.039
786	345.035
787	341.465
788	345.195
789	349.604
790	327.918
791	331.187
792	346.568
793	335.927
794	356.467
795	354.477
796	357.014
797	332.259
798	338.233
799	365.065
800	332.583
801	356.19
802	357.496
803	325.379
804	348.605
805	343.022
806	341.693
807	353.288
808	355.485
809	360.892
810	372.019
811	342.131
812	361.005
813	343.71
814	369.214
815	356.233
816	358.342
817	317.422
818	375.629
819	350.971
820	354.082
821	336.796
822	342.865
823	329.306
824	351.159
825	331.913
826	344.439
827	343.818
828	347.785
829	366.405
830	342.294
831	354.357
832	348.015
833	344.861
834	355.178
835	354.461
836	325.13
837	328.127
838	339.699
839	346.074
840	327.251
841	350.698
842	329.473
843	329.867
844	350.713
845	325.634
846	323.063
847	356.437
848	340.443
849	340.252
850	356.479
851	355.023
852	353.404
853	340.27
854	338.688
855	281.619
856	353.666
857	368.68
858	350.131
859	347.929
860	378.353
861	311.637
862	329.041
863	364.704
864	356.033
865	336.797
866	347.52
867	346
868	345.835
869	347.506
870	368.034
871	334.921
872	320.667
873	343.485
874	328.48
875	345.649
876	362.882
877	327.647
878	356.808
879	328.628
880	336.644
881	288.914
882	348.517
883	357.023
884	364.777
885	338.283
886	366.291
887	359.021
888	358.443
889	345.375
890	362.709
891	326.487
892	363.127
893	362.033
894	315.313
895	345.546
896	341.699
897	328.748
898	346.082
899	347.362
900	365.991
901	355.099
902	333.553
903	362.719
904	371.7
905	350.355
906	366.047
907	335.261
908	321.592
909	313.853
910	322.684
911	339.963
912	356.694
913	351.866
914	358.057
915	348.242
916	362.918
917	335.917
918	336.478
919	328.582
920	329.392
921	340.636
922	353.085
923	347.674
924	341.08
925	321.962
926	338.347
927	329.546
928	329.7
929	348.174
930	352.309
931	353.625
932	315.589
933	343.34
934	349.694
935	356.997
936	343.969
937	341.676
938	318.109
939	317.963
940	335.612
941	335.866
942	342.012
943	370.191
944	332.73
945	328.931
946	349.212
947	369.224
948	354.461
949	340.138
950	332.494
951	360.937
952	329.456
953	345.678
954	335.409
955	319.831
956	326.646
957	332.53
958	309.367
959	341.952
960	321.006
961	338.958
962	329.993
963	351.495
964	327.479
965	322.486
966	344.233
967	352.469
968	336.559
969	340.504
970	341.105
971	352.859
972	336.519
973	351.083
974	321.892
975	332.978
976	367.544
977	329.547
978	346.083
979	335.952
980	344.476
981	354.259
982	341.608
983	362.878
984	335.216
985	322.175
986	338.345
987	330.702
988	342.13
989	355.335
990	353.409
991	353.625
992	327.021
993	358.661
994	339.304
995	358.476
996	351.481
997	342.51
998	329.627
999	346.063
1000	330.073
1001	342.104
1002	349.363
