Frame	Volume
1	2018.7
2	1980.22
3	1951.49
4	1980.36
5	2019.84
6	2020.17
7	2018.27
8	1984.35
9	2015.97
10	1960.43
11	1942.39
12	1950.59
13	1987.69
14	1940.74
15	1993.45
16	2032
17	1969.96
18	2011.51
19	1977.1
20	1920.57
21	1953.96
22	1998.11
23	2004.6
24	1952.67
25	2026.55
26	1971.66
27	1974.59
28	1995.74
29	1977.38
30	2041.18
31	1976.42
32	1943.76
33	2036.08
34	1992.76
35	1997.41
36	1927.16
37	1965.99
38	1929.24
39	1993.56
40	2038.9
41	1973.37
42	2011.7
43	1977.32
44	1978.48
45	2030.56
46	1995.84
47	2006.76
48	2001.08
49	1961.4
50	2005.34
51	1990.01
52	2006.77
53	2042.92
54	1981.4
55	1987.95
56	2008.58
57	2008.61
58	2043.54
59	2049.5
60	2007.83
61	2025.98
62	1995.62
63	1979.93
64	1974.79
65	1942.11
66	1975.27
67	1983.22
68	1959.79
69	1970.07
70	1997.83
71	1949.59
72	1941.09
73	1973.57
74	1967.5
75	1985.59
76	1956.42
77	2035.34
78	1982.5
79	1977.99
80	2006.28
81	2033.47
82	1993.76
83	1987.59
84	2018.95
85	1960.4
86	2000.92
87	2028.25
88	1972.35
89	2008.22
90	1993.45
91	1971
92	1994.43
93	2036.36
94	1999.51
95	2005.16
96	2025.16
97	1983.27
98	1957.64
99	1945.36
100	1976.82
101	1986.21
102	1944.37
103	1953.57
104	1972.17
105	1963.59
106	1990.08
107	1962.87
108	1992.45
109	1931.99
110	2019.11
111	2028.97
112	2067.32
113	1935.45
114	1982.34
115	2007.58
116	2009.38
117	1993.13
118	1948.61
119	2008.76
120	1963.05
121	1984.72
122	1951.04
123	2000.66
124	1959.08
125	2015.49
126	2013.59
127	2025.77
128	2041.98
129	2057.77
130	1953.11
131	1968.66
132	1987.53
133	2032.06
134	2020.07
135	1930.37
136	1976.25
137	2026.68
138	2018.61
139	2048.95
140	2022.83
141	2030.88
142	1980.76
143	1977.26
144	2033.05
145	1973.42
146	2032.45
147	1928.35
148	1932.06
149	1995.54
150	2002.18
151	1989.45
152	2028.51
153	1992.54
154	1928.84
155	1949.18
156	1956.86
157	1980.92
158	1993.45
159	1999.97
160	1940.79
161	2021.31
162	2019.52
163	1974.23
164	1986.22
165	1985.98
166	2039.59
167	1973.62
168	1986.29
169	2041.12
170	2012.61
171	1977.93
172	2038.15
173	1979.31
174	1966.03
175	1986.17
176	2020.47
177	1985.73
178	1967.64
179	2003.2
180	2023.06
181	1960.13
182	1987.69
183	1951.87
184	1998.11
185	2023.83
186	2022.15
187	1965.21
188	1985.23
189	2010.19
190	2009.47
191	1957.76
192	1957.18
193	2034.13
194	1962.78
195	1944.99
196	1996.01
197	1968.02
198	1976.98
199	1972.47
200	1985.26
201	1990.69
202	1999.01
203	2022.71
204	1977.21
205	2007.08
206	1989.86
207	2021.64
208	1946.09
209	1960.7
210	1986.84
211	1991.05
212	2032.7
213	2037.19
214	1989.68
215	1990.05
216	2056.62
217	1974.61
218	2023.5
219	1969.63
220	1923.28
221	2008.58
222	2048.93
223	2030.18
224	1926.92
225	1982.35
226	2008.44
227	1953.18
228	2020.57
229	1986.28
230	1946.74
231	2010.16
232	1985.02
233	1994.5
234	1916.59
235	1979.69
236	1990.13
237	1973.53
238	1984.39
239	1936.2
240	1988.39
241	1969.03
242	1984.43
243	2005.21
244	2003.29
245	1970.93
246	1927.08
247	1957.29
248	1993.5
249	1992.93
250	1965.06
251	1975.02
252	2053.76
253	2003.48
254	1962.41
255	1922.26
256	2004.37
257	1948.2
258	1974.61
259	1963.58
260	1971.44
261	1975.63
262	1966.17
263	1951.35
264	1959.38
265	2002.91
266	2022.16
267	1955.03
268	1953.22
269	2014.63
270	2027.41
271	2022.76
272	1989.94
273	1992.52
274	1990.74
275	2043.52
276	2006.37
277	2002.38
278	2010.75
279	1971.18
280	1989.27
281	2021.49
282	1994.37
283	2039.08
284	2058.79
285	1980.34
286	1979.67
287	2041.29
288	1984.54
289	2008.66
290	1976.56
291	1992.65
292	2025.73
293	1994.24
294	2029.48
295	2018.62
296	1989.62
297	1980.79
298	1966.65
299	1965.93
300	2029.29
301	1989.28
302	2016.44
303	1996.04
304	1918.3
305	1939.33
306	2018.89
307	1988.56
308	2000.28
309	1984.53
310	2004
311	1957.8
312	1973.15
313	2004.54
314	1945.7
315	1956.07
316	2008.29
317	1996.78
318	1950.07
319	1966.59
320	2013.54
321	1994.03
322	2010.82
323	2006.28
324	1945.47
325	2001.31
326	1966.79
327	1987.88
328	2074.24
329	2005.96
330	1990.76
331	2001.19
332	1966.1
333	2025.92
334	1940.31
335	2024.25
336	2002.55
337	1956.7
338	1984.98
339	2009.01
340	2032.4
341	1944.2
342	1975.1
343	1979.69
344	1942.85
345	2008.73
346	1942.06
347	1971.02
348	1973.82
349	2005.9
350	1976.89
351	2000.96
352	1999.37
353	1989.21
354	2047.87
355	1993.21
356	1936.49
357	2035.69
358	1969.29
359	1941.03
360	2004.6
361	1951.62
362	1969.79
363	2030.01
364	1975.31
365	1994.54
366	1985.96
367	2019.15
368	1981.15
369	1954.32
370	2017.33
371	1972.94
372	1990.13
373	1982.79
374	2021.87
375	1973.9
376	1951.55
377	1965.45
378	1986.93
379	2042.61
380	1965.13
381	2032.46
382	1990.89
383	1930.05
384	1935.69
385	1991.96
386	1932.14
387	1981.39
388	2005.63
389	2021.71
390	1999.9
391	2006.47
392	1980.21
393	1967.56
394	1992.3
395	1987.09
396	1949.92
397	1994.99
398	1998.73
399	1948.72
400	2022.7
401	1952.33
402	2017.01
403	2024.33
404	1977.5
405	2024.25
406	2026.2
407	2006.47
408	1980.5
409	2013
410	2019.02
411	1969.81
412	1903.88
413	1992.98
414	2031.84
415	2003.34
416	2012.14
417	1935.46
418	1983.92
419	1959.98
420	1962.34
421	2059.48
422	1963.59
423	1940.05
424	1989.69
425	2007.86
426	1918.07
427	1930.58
428	1998.29
429	1997.07
430	1974.2
431	1976.33
432	1998.07
433	1989.46
434	2004.97
435	1986.58
436	2017.1
437	1942.71
438	1960.11
439	2005.55
440	1994.72
441	1939.29
442	2008.68
443	1995.19
444	1969.56
445	1919.83
446	2026.72
447	2019.1
448	2000.98
449	2011.07
450	1938.53
451	2024.61
452	1962.51
453	1920.45
454	1991.36
455	1979.07
456	1992.27
457	1991.07
458	2017.09
459	2002.54
460	1967.93
461	2043.37
462	2054.71
463	2061.17
464	1942.64
465	1971.05
466	1976.5
467	2060.53
468	1964.63
469	1993.25
470	2018.73
471	2000.68
472	1985.98
473	2029.63
474	1983.09
475	2027.56
476	1997.58
477	1968.34
478	1940.38
479	2023.3
480	1987.19
481	2001.06
482	1983.16
483	1973.88
484	2033.94
485	2022.42
486	1943.26
487	1994.02
488	2033.24
489	2004.12
490	1992.23
491	1966.91
492	1991.74
493	1979.34
494	2028.4
495	1962.85
496	1990.99
497	1976.4
498	2004.91
499	1959.41
500	1951.23
501	1955.48
502	1977
503	1959.52
504	1974.17
505	2026.36
506	1950.65
507	1987.9
508	2068.4
509	1991.47
510	1922.5
511	1952.34
512	1974.78
513	2015.46
514	1968.31
515	1991.6
516	2023.15
517	2035.83
518	1959.48
519	1983.14
520	1987.76
521	2024.68
522	2001.6
523	2036.27
524	1975.34
525	1935.81
526	2005.76
527	2003.71
528	2021.25
529	1995.55
530	1971.61
531	2021.05
532	2041.26
533	2026.72
534	1946.71
535	2032.98
536	1976.46
537	1998.54
538	2023.37
539	2002.92
540	1983.83
541	1907.57
542	1973.86
543	2013.55
544	1998.97
545	1987.51
546	1992.46
547	2057.52
548	2055.06
549	1972.55
550	2007.63
551	1996.46
552	1947.94
553	1972.83
554	1995.89
555	2022.29
556	1988.96
557	1963.3
558	2055.17
559	1997.82
560	1921.13
561	2004.78
562	1969.74
563	1992.4
564	2013.47
565	2076.38
566	1942
567	2008.11
568	1978.39
569	1949.1
570	2009.72
571	1981.79
572	1988.8
573	2025.83
574	1966.41
575	2017.21
576	1997.39
577	2010.14
578	2004.68
579	1991.77
580	2024.95
581	2028.22
582	2017.9
583	2013.06
584	2020.22
585	1973.35
586	1971.81
587	1953.77
588	1968.78
589	1971.17
590	1973.61
591	1980.6
592	1997.3
593	1963.36
594	1949.59
595	2009.32
596	1948.51
597	1995.67
598	1945.76
599	1973.8
600	2004.98
601	1964.63
602	2013.64
603	1979.07
604	1963.44
605	1946.42
606	2042.39
607	1988.58
608	1951.54
609	2002.91
610	2021.37
611	1960.2
612	1961.9
613	1977.44
614	1965.7
615	1989.77
616	1971.06
617	1991.55
618	1938.69
619	1952.25
620	1967.58
621	1971.16
622	1995.05
623	1959.72
624	1990.52
625	1995.82
626	1955.61
627	1981.92
628	1996.64
629	2000.25
630	1938.68
631	2009.8
632	1996.86
633	1979.87
634	2047.28
635	1986.23
636	2023
637	2009.67
638	1978.33
639	1996.6
640	1988.82
641	1995.19
642	1987.05
643	1970.97
644	1983.63
645	1979.4
646	2002.05
647	1994.22
648	2012.46
649	1988.54
650	2016.95
651	1969.81
652	1925.48
653	1987.71
654	2015.67
655	1948.11
656	1994.94
657	1934.43
658	2041.09
659	1995.46
660	1997.92
661	2015.23
662	2015.29
663	1983.02
664	1976.37
665	1967.01
666	2008.22
667	1993.98
668	2013.12
669	2012.13
670	1946.35
671	1953.26
672	1965.52
673	1955.76
674	1977.7
675	2008.59
676	1940.07
677	1992.64
678	1994.31
679	2021.56
680	2037.68
681	1960.96
682	1954.65
683	1995.39
684	1997.9
685	1988.44
686	1963.99
687	1944.84
688	1985.01
689	1951.24
690	1951.65
691	1993.47
692	2002.77
693	2018.05
694	1991.59
695	1950.88
696	1948.27
697	2021.25
698	1950.15
699	1961.57
700	2011.53
701	1972.25
702	2010.66
703	1929.33
704	2012.8
705	2012.98
706	2004.34
707	1995.72
708	2006.51
709	1999.64
710	1964.09
711	1958.68
712	1989.72
713	2012.3
714	2026.68
715	1999.35
716	2001.12
717	1992.39
718	1968.53
719	1988.96
720	1995.98
721	1962.29
722	1969.81
723	2024.31
724	2000.07
725	1977.85
726	2074.41
727	1972.71
728	1972.78
729	1982.46
730	2029.24
731	1948.01
732	1975.4
733	1976.81
734	1982.44
735	2019.64
736	2035.43
737	1985.01
738	1935.39
739	1922.87
740	1981.71
741	2016.98
742	1955.85
743	1978.21
744	1979.15
745	1997.68
746	1936.82
747	2012.94
748	1963.39
749	1991.01
750	2009.28
751	1932.4
752	2023.31
753	2078.52
754	1972.56
755	1968.4
756	1998.38
757	1944.29
758	1965.87
759	1987.4
760	1994.42
761	2043.84
762	1993.42
763	1972.65
764	1970.26
765	2004.67
766	1993.13
767	1971.09
768	1977.87
769	1970.28
770	2015.43
771	1965.2
772	2021.36
773	1939.35
774	2032.7
775	1987.5
776	2039.45
777	1990.85
778	1968.63
779	1983.65
780	2035.62
781	1945.74
782	1993.42
783	1950.03
784	1964.7
785	1979.21
786	2009.74
787	2017.82
788	1991.53
789	1993.47
790	1930.28
791	2048.66
792	1977.69
793	2033.95
794	1986.21
795	2006.96
796	2009.79
797	1954.77
798	1990.41
799	2004.33
800	2018.73
801	2021.53
802	1981.59
803	1991.14
804	2033.38
805	1976.91
806	2008.99
807	1994.8
808	1981.67
809	2003.84
810	2002.53
811	1934.68
812	2008.29
813	2007.94
814	2019.65
815	1989.24
816	2004.99
817	1964.15
818	1962.31
819	1974.89
820	1987.89
821	2016.32
822	2003.69
823	1954.54
824	1981.49
825	1989.27
826	1979.65
827	1963.22
828	1967.6
829	2014.43
830	1945.02
831	1974.07
832	1966.28
833	1957.4
834	1969.37
835	1938.42
836	1941.74
837	1925.85
838	1993.07
839	2030.86
840	1958.57
841	1992.46
842	1975.1
843	2035.44
844	2052.85
845	2002.27
846	1977.67
847	1961.78
848	1995.94
849	2010.53
850	1978.62
851	1995.65
852	1995.52
853	1969.12
854	1935.43
855	1992.6
856	2021.56
857	2042.26
858	2009.04
859	1990.27
860	1972.25
861	1944.84
862	1942.27
863	2052.84
864	1966.5
865	1961.97
866	2005.94
867	1978.12
868	2014.62
869	1959.22
870	1982.25
871	2001.91
872	1963.7
873	1965.67
874	1989.93
875	2019.7
876	1988.48
877	1915.71
878	1993.89
879	1981.01
880	2018.37
881	1976.08
882	1994.82
883	1992.72
884	1989.69
885	1942.49
886	2040.51
887	2013.13
888	1995.97
889	1957.07
890	1987.93
891	1974.04
892	1988.42
893	1932.1
894	1973.54
895	1971.85
896	1970.67
897	1994.79
898	1948.81
899	2014.93
900	2005.35
901	1974.47
902	1945.78
903	2044.58
904	2017.99
905	2023.68
906	1960.5
907	2005.67
908	2003.81
909	1981.23
910	1973.85
911	1953.75
912	2026.7
913	1996.28
914	1993.51
915	1994.94
916	2017.98
917	1996.58
918	1968.64
919	1990.8
920	2027.67
921	2008.25
922	1985.84
923	1950.98
924	1951.35
925	1941.49
926	1952.4
927	1982.24
928	1994.69
929	1970.43
930	2056.27
931	1958.01
932	1930.98
933	1970.5
934	2002.72
935	1995.56
936	1993.66
937	2013.83
938	1979.25
939	1986.51
940	2008.53
941	1948.7
942	1957.75
943	2020.84
944	1977.87
945	1946.46
946	1939.85
947	2022.12
948	2003.98
949	1970.97
950	1976.69
951	1970.95
952	1950.68
953	1957.14
954	2022.77
955	2022.71
956	1958.55
957	1981.67
958	2028.73
959	2015.05
960	2043.1
961	1955.84
962	2004.1
963	1947.21
964	1956.66
965	2027.33
966	1986.1
967	1921.07
968	2005.41
969	1987.2
970	1970.13
971	1969.68
972	1983.81
973	2041.78
974	1952.32
975	1996.37
976	2010.32
977	1967.07
978	1998.99
979	1972.58
980	2001.24
981	1980.34
982	2019.93
983	2041.61
984	1987.42
985	2024.76
986	1999.04
987	2006.7
988	1921.03
989	1927.05
990	2018.68
991	1995.06
992	1999.49
993	1973.28
994	2008.84
995	2000.11
996	2027.56
997	2015.22
998	1968.93
999	2017.34
1000	2013.7
1001	2004.67
1002	1984.39
