652  124  -14.66 -5.601 -17.914
653  124  -15.525 -6.458 -18.734
654  124  -14.995 -6.424 -20.162
655  124  -14.561 -5.372 -20.64
656  124  -16.97 -5.983 -18.623
657  124  -18.314 -7.327 -18.958
1310  124  14.66 5.601 -17.914
1311  124  15.525 6.458 -18.734
1312  124  14.995 6.424 -20.162
1313  124  14.561 5.372 -20.64
1314  124  16.97 5.983 -18.623
1315  124  18.314 7.327 -18.958
646  123  -11.995 -5.798 -15.436
647  123  -12.783 -5.108 -16.464
648  123  -13.611 -6.1 -17.264
649  123  -13.348 -7.298 -17.242
650  123  -11.825 -4.344 -17.392
651  123  -10.962 -4.309 -17.314
1304  123  11.995 5.798 -15.436
1305  123  12.783 5.108 -16.464
1306  123  13.611 6.1 -17.264
1307  123  13.348 7.298 -17.242
1308  123  11.825 4.344 -17.392
1309  123  10.962 4.31 -17.314
640  122  -10.291 -5.232 -12.504
641  122  -11.172 -6.158 -13.206
642  122  -12.05 -5.388 -14.177
643  122  -12.739 -4.451 -13.765
644  122  -12.028 -6.913 -12.184
645  122  -12.034 -7.772 -11.994
1298  122  10.291 5.232 -12.504
1299  122  11.172 6.158 -13.206
1300  122  12.05 5.388 -14.177
1301  122  12.739 4.451 -13.765
1302  122  12.028 6.913 -12.184
1303  122  12.034 7.772 -11.994
634  121  -7.423 -5.175 -10.828
635  121  -8.178 -4.329 -11.735
636  121  -8.976 -5.289 -12.62
637  121  -8.386 -6.108 -13.329
638  121  -7.293 -3.417 -12.59
639  121  -7.279 -2.567 -12.575
1292  121  7.423 5.175 -10.828
1293  121  8.178 4.329 -11.735
1294  121  8.976 5.289 -12.62
1295  121  8.386 6.108 -13.329
1296  121  7.293 3.417 -12.59
1297  121  7.279 2.567 -12.575
629  120  -6.291 -5.671 -7.584
630  120  -6.853 -6.293 -8.78
631  120  -7.637 -5.219 -9.529
632  120  -8.403 -4.456 -8.947
633  120  -7.755 -7.454 -8.465
1287  120  6.291 5.671 -7.584
1288  120  6.853 6.293 -8.78
1289  120  7.637 5.219 -9.529
1290  120  8.403 4.456 -8.947
1291  120  7.755 7.454 -8.465
623  119  -3.209 -5.497 -5.831
624  119  -4.446 -4.876 -6.266
625  119  -4.972 -5.671 -7.449
626  119  -4.186 -6.3 -8.154
627  119  -4.128 -3.42 -6.648
628  119  -4.497 -2.725 -6.305
1281  119  3.209 5.497 -5.831
1282  119  4.446 4.876 -6.266
1283  119  4.972 5.671 -7.449
1284  119  4.186 6.3 -8.154
1285  119  4.128 3.42 -6.648
1286  119  4.497 2.725 -6.305
617  118  -1.084 -5.741 -3.096
618  118  -1.618 -6.329 -4.314
619  118  -2.987 -5.725 -4.549
620  118  -3.774 -5.529 -3.637
621  118  -1.596 -7.848 -4.293
622  118  -2.236 -8.34 -4.411
1275  118  1.084 5.741 -3.096
1276  118  1.618 6.329 -4.314
1277  118  2.987 5.725 -4.549
1278  118  3.774 5.529 -3.637
1279  118  1.596 7.848 -4.293
1280  118  2.236 8.34 -4.411
611  117  1.939 -4.97 -1.528
612  117  0.532 -4.666 -1.703
613  117  0.132 -5.229 -3.069
614  117  0.892 -5.198 -4.035
615  117  0.167 -3.195 -1.644
616  117  0.408 -2.599 -2.905
1269  117  -1.939 4.97 -1.528
1270  117  -0.532 4.666 -1.703
1271  117  -0.132 5.229 -3.069
1272  117  -0.892 5.198 -4.035
1273  117  -0.167 3.195 -1.644
1274  117  -0.408 2.599 -2.905
605  116  4.281 -5.93 0.984
606  116  3.841 -5.922 -0.39
607  116  2.358 -5.537 -0.391
608  116  1.629 -5.703 0.572
609  116  4.031 -7.174 -1.215
610  116  2.343 -9.766 -0.113
1263  116  -4.281 5.93 0.984
1264  116  -3.841 5.922 -0.39
1265  116  -2.358 5.537 -0.391
1266  116  -1.629 5.703 0.572
1267  116  -4.031 7.174 -1.215
1268  116  -2.343 9.766 -0.113
599  115  7.268 -5.726 2.931
600  115  5.882 -5.391 2.693
601  115  5.539 -5.597 1.229
602  115  6.383 -5.431 0.358
603  115  5.655 -3.9 2.998
604  115  4.304 -3.516 2.899
1257  115  -7.268 5.726 2.931
1258  115  -5.882 5.391 2.693
1259  115  -5.539 5.597 1.229
1260  115  -6.383 5.431 0.358
1261  115  -5.655 3.9 2.998
1262  115  -4.304 3.516 2.899
593  114  9.984 -5.88 3.189
594  114  9.163 -6.351 4.302
595  114  7.693 -6.018 4.17
596  114  6.92 -6.047 5.127
597  114  9.7 -5.754 5.614
598  114  12.039 -7.656 6.964
1251  114  -9.984 5.88 3.189
1252  114  -9.163 6.351 4.302
1253  114  -7.693 6.018 4.17
1254  114  -6.92 6.047 5.127
1255  114  -9.7 5.754 5.614
1256  114  -12.039 7.656 6.964
587  113  10.947 -5.028 0.608
588  113  11.51 -6.18 1.299
589  113  10.664 -6.724 2.43
590  113  10.586 -7.958 2.59
591  113  12.873 -5.671 1.752
592  113  12.566 -4.309 0.529
1245  113  -10.947 5.028 0.608
1246  113  -11.51 6.18 1.299
1247  113  -10.664 6.724 2.43
1248  113  -10.586 7.958 2.59
1249  113  -12.873 5.671 1.752
1250  113  -12.566 4.309 0.529
581  112  8.191 -4.462 -1.612
582  112  9.231 -3.92 -0.743
583  112  9.755 -5.119 0.047
584  112  9.067 -6.136 0.188
585  112  8.711 -2.864 0.222
586  112  8.163 -1.773 -0.488
1239  112  -8.191 4.462 -1.612
1240  112  -9.231 3.92 -0.743
1241  112  -9.755 5.119 0.047
1242  112  -9.067 6.136 0.188
1243  112  -8.711 2.864 0.222
1244  112  -8.163 1.773 -0.488
575  111  6.193 -4.369 -4.544
576  111  7.08 -5.059 -3.639
577  111  8.072 -4.184 -2.891
578  111  8.762 -3.359 -3.486
579  111  7.915 -6.075 -4.431
580  111  7.081 -7.573 -5.321
1233  111  -6.193 4.369 -4.544
1234  111  -7.08 5.059 -3.639
1235  111  -8.072 4.184 -2.891
1236  111  -8.762 3.359 -3.486
1237  111  -7.915 6.075 -4.431
1238  111  -7.081 7.573 -5.321
569  110  3.048 -4.559 -5.7
570  110  4.054 -3.553 -5.37
571  110  4.925 -4.141 -4.258
572  110  4.416 -4.437 -3.169
573  110  3.366 -2.284 -4.898
574  110  4.329 -0.633 -4.644
1227  110  -3.048 4.559 -5.7
1228  110  -4.054 3.553 -5.37
1229  110  -4.925 4.141 -4.258
1230  110  -4.416 4.437 -3.169
1231  110  -3.366 2.284 -4.898
1232  110  -4.329 0.633 -4.644
564  109  1.172 -6.057 -8.224
565  109  1.854 -6.217 -6.944
566  109  2.966 -5.175 -6.859
567  109  3.677 -4.962 -7.827
568  109  2.399 -7.617 -6.76
1222  109  -1.172 6.057 -8.224
1223  109  -1.854 6.217 -6.944
1224  109  -2.966 5.175 -6.859
1225  109  -3.677 4.962 -7.827
1226  109  -2.399 7.617 -6.76
559  108  -1.914 -6.71 -9.833
560  108  -0.735 -5.872 -9.683
561  108  -0.147 -6.077 -8.293
562  108  -0.887 -6.271 -7.323
563  108  -1.073 -4.421 -9.914
1217  108  1.914 6.71 -9.833
1218  108  0.735 5.872 -9.683
1219  108  0.147 6.077 -8.293
1220  108  0.887 6.271 -7.323
1221  108  1.073 4.421 -9.914
553  107  -3.643 -8.414 -12.079
554  107  -3.182 -8.573 -10.713
555  107  -1.871 -7.79 -10.605
556  107  -0.901 -8.116 -11.278
557  107  -2.934 -10.047 -10.374
558  107  -3.993 -10.534 -9.813
1211  107  3.643 8.414 -12.079
1212  107  3.182 8.573 -10.713
1213  107  1.871 7.79 -10.605
1214  107  0.901 8.116 -11.278
1215  107  2.934 10.047 -10.374
1216  107  3.993 10.534 -9.813
258  56  2.155 -11.504 -19.599
259  56  1.01 -11.694 -20.466
260  56  1.022 -13.142 -20.976
261  56  1.998 -13.874 -20.822
262  56  1.078 -10.748 -21.674
263  56  1.024 -8.145 -21.126
916  56  -2.155 11.504 -19.599
917  56  -1.01 11.694 -20.466
918  56  -1.022 13.142 -20.976
919  56  -1.998 13.874 -20.822
920  56  -1.078 10.748 -21.674
921  56  -1.024 8.145 -21.126
252  55  3.495 -9.734 -17.162
253  55  3.423 -11.111 -17.623
254  55  2.072 -11.281 -18.309
255  55  1.046 -11.159 -17.656
256  55  3.586 -12.071 -16.466
257  55  3.737 -13.961 -16.698
910  55  -3.495 9.734 -17.162
911  55  -3.423 11.111 -17.623
912  55  -2.072 11.281 -18.309
913  55  -1.046 11.159 -17.656
914  55  -3.586 12.071 -16.466
915  55  -3.737 13.961 -16.698
246  54  5.688 -6.952 -16.579
247  54  4.408 -7.543 -16.917
248  54  4.541 -8.969 -17.411
249  54  5.544 -9.377 -17.975
250  54  3.698 -6.69 -17.993
251  54  2.602 -4.51 -18.424
904  54  -5.688 6.952 -16.579
905  54  -4.408 7.543 -16.917
906  54  -4.541 8.969 -17.411
907  54  -5.544 9.377 -17.975
908  54  -3.698 6.69 -17.993
909  54  -2.602 4.51 -18.424
242  53  7.909 -5.459 -16.34
243  53  7.335 -5.958 -15.097
244  53  6.002 -6.649 -15.331
245  53  5.289 -6.966 -14.378
900  53  -7.909 5.459 -16.34
901  53  -7.335 5.958 -15.097
902  53  -6.002 6.649 -15.331
903  53  -5.289 6.966 -14.378
236  52  9.17 -4.883 -18.67
237  52  8.155 -3.942 -18.246
238  52  7.495 -4.351 -16.929
239  52  6.586 -3.664 -16.47
240  52  7.06 -3.773 -19.308
241  52  6.313 -4.976 -19.409
894  52  -9.17 4.883 -18.67
895  52  -8.155 3.942 -18.246
896  52  -7.495 4.351 -16.929
897  52  -6.586 3.664 -16.47
898  52  -7.06 3.773 -19.308
899  52  -6.313 4.976 -19.409
230  51  10.681 -7.113 -19.093
231  51  11.386 -5.881 -18.773
232  51  10.436 -4.8 -18.29
233  51  10.831 -3.868 -17.579
234  51  12.174 -5.385 -19.994
235  51  14.338 -5.634 -21.188
888  51  -10.681 7.113 -19.093
889  51  -11.386 5.881 -18.773
890  51  -10.436 4.8 -18.29
891  51  -10.831 3.868 -17.579
892  51  -12.174 5.385 -19.994
893  51  -14.338 5.634 -21.188
224  50  8.394 -9.61 -17.682
225  50  9.273 -9.042 -18.699
226  50  9.983 -7.79 -18.176
227  50  9.872 -7.419 -17.007
228  50  8.385 -8.62 -19.88
229  50  7.617 -7.49 -19.485
882  50  -8.394 9.61 -17.682
883  50  -9.273 9.042 -18.699
884  50  -9.983 7.79 -18.176
885  50  -9.872 7.419 -17.007
886  50  -8.385 8.62 -19.88
887  50  -7.617 7.49 -19.485
218  49  7.97 -12.242 -15.312
219  49  7.72 -10.877 -15.767
220  49  8.818 -10.422 -16.729
221  49  9.986 -10.802 -16.628
222  49  7.622 -9.878 -14.602
223  49  7.641 -10.053 -13.79
876  49  -7.97 12.242 -15.312
877  49  -7.72 10.877 -15.767
878  49  -8.818 10.422 -16.729
879  49  -9.986 10.802 -16.628
880  49  -7.622 9.878 -14.602
881  49  -7.64 10.053 -13.79
212  48  7.322 -15.601 -16.331
213  48  8.166 -14.629 -15.652
214  48  7.859 -13.239 -16.184
215  48  7.542 -13.092 -17.353
216  48  9.661 -14.927 -15.833
217  48  11.788 -16.878 -14.48
870  48  -7.322 15.601 -16.331
871  48  -8.166 14.629 -15.652
872  48  -7.859 13.239 -16.184
873  48  -7.542 13.092 -17.353
874  48  -9.661 14.927 -15.833
875  48  -11.788 16.878 -14.48
208  47  4.946 -18.265 -15.61
209  47  5.767 -17.442 -16.487
210  47  6.646 -16.511 -15.643
211  47  6.687 -16.653 -14.429
866  47  -4.946 18.265 -15.61
867  47  -5.767 17.442 -16.487
868  47  -6.646 16.511 -15.643
869  47  -6.687 16.653 -14.429
202  46  2.223 -20.652 -15.736
203  46  3.338 -19.981 -15.069
204  46  4.119 -19.181 -16.098
205  46  3.978 -19.353 -17.307
206  46  4.238 -20.947 -14.31
207  46  4.917 -21.794 -15.219
860  46  -2.223 20.652 -15.736
861  46  -3.338 19.981 -15.069
862  46  -4.119 19.181 -16.098
863  46  -3.978 19.353 -17.307
864  46  -4.238 20.947 -14.31
865  46  -4.917 21.794 -15.219
197  45  -0.892 -22.288 -14.859
198  45  -0.023 -21.588 -15.793
199  45  1.157 -20.997 -15.031
200  45  1.065 -20.848 -13.815
201  45  -0.743 -20.451 -16.487
855  45  0.892 22.288 -14.859
856  45  0.023 21.588 -15.793
857  45  -1.157 20.997 -15.031
858  45  -1.065 20.848 -13.815
859  45  0.743 20.451 -16.487
191  44  -1.872 -24.329 -13.11
192  44  -2.689 -23.776 -14.181
193  44  -1.874 -23.091 -15.26
194  44  -2.094 -23.214 -16.461
195  44  -3.751 -22.858 -13.545
196  44  -5.499 -21.655 -15.502
849  44  1.872 24.329 -13.11
850  44  2.689 23.776 -14.181
851  44  1.874 23.091 -15.26
852  44  2.094 23.214 -16.461
853  44  3.751 22.858 -13.545
854  44  5.499 21.655 -15.502
185  43  -1.732 -27.012 -10.849
186  43  -0.978 -26.064 -11.658
187  43  -1.834 -25.622 -12.826
188  43  -2.483 -26.45 -13.481
189  43  0.246 -26.866 -12.072
190  43  -0.343 -28.11 -10.86
843  43  1.732 27.012 -10.849
844  43  0.978 26.064 -11.658
845  43  1.834 25.622 -12.826
846  43  2.483 26.45 -13.481
847  43  -0.246 26.866 -12.072
848  43  0.343 28.11 -10.86
179  42  -4.182 -27.175 -8.34
180  42  -3.664 -27.767 -9.568
181  42  -2.918 -26.704 -10.352
182  42  -3.396 -25.584 -10.524
183  42  -4.869 -28.239 -10.356
184  42  -6.037 -29.777 -11.716
837  42  4.182 27.175 -8.34
838  42  3.664 27.767 -9.568
839  42  2.918 26.704 -10.352
840  42  3.396 25.584 -10.524
841  42  4.869 28.239 -10.356
842  42  6.037 29.777 -11.716
173  41  -4.819 -27.717 -5.018
174  41  -4.36 -26.722 -5.972
175  41  -3.732 -27.472 -7.147
176  41  -2.894 -28.361 -6.94
177  41  -3.34 -25.766 -5.372
178  41  -5.145 -23.22 -4.213
831  41  4.819 27.717 -5.018
832  41  4.36 26.722 -5.972
833  41  3.732 27.472 -7.147
834  41  2.894 28.361 -6.94
835  41  3.34 25.766 -5.372
836  41  5.145 23.22 -4.213
167  40  -7.796 -29.535 -4.097
168  40  -6.347 -29.377 -4.124
169  40  -6.007 -28.282 -5.137
170  40  -6.822 -27.972 -6.004
171  40  -5.595 -30.654 -4.522
172  40  -5.937 -31.409 -4.737
825  40  7.796 29.535 -4.097
826  40  6.347 29.377 -4.124
827  40  6.007 28.282 -5.137
828  40  6.822 27.972 -6.004
829  40  5.595 30.654 -4.522
830  40  5.938 31.409 -4.737
161  39  -10.543 -30.118 -4.103
162  39  -10.038 -29.055 -3.259
163  39  -8.529 -28.895 -3.204
164  39  -8.037 -28.168 -2.329
165  39  -10.561 -29.208 -1.819
166  39  -11.952 -27.951 -1.479
819  39  10.543 30.118 -4.103
820  39  10.038 29.055 -3.259
821  39  8.529 28.895 -3.204
822  39  8.037 28.168 -2.329
823  39  10.561 29.208 -1.819
824  39  11.952 27.951 -1.479
155  38  -11.416 -31.759 -6.037
156  38  -11.067 -32.401 -4.769
157  38  -10.462 -31.408 -3.79
158  38  -9.904 -31.78 -2.756
159  38  -10.132 -33.584 -4.995
160  38  -8.378 -33.138 -5.625
813  38  11.416 31.759 -6.037
814  38  11.067 32.401 -4.769
815  38  10.462 31.408 -3.79
816  38  9.904 31.78 -2.756
817  38  10.132 33.584 -4.995
818  38  8.378 33.138 -5.625
150  37  -11.617 -30.072 -8.178
151  37  -12.848 -30.552 -7.574
152  37  -12.6 -31.188 -6.212
153  37  -13.472 -31.129 -5.347
154  37  -13.512 -31.554 -8.512
808  37  11.617 30.072 -8.178
809  37  12.848 30.552 -7.574
810  37  12.6 31.188 -6.212
811  37  13.472 31.129 -5.347
812  37  13.512 31.554 -8.512
145  36  -8.994 -27.554 -7.741
146  36  -9.648 -28.689 -8.382
147  36  -10.877 -29.126 -7.595
148  36  -11.134 -28.626 -6.505
149  36  -8.657 -29.832 -8.507
803  36  8.994 27.554 -7.741
804  36  9.648 28.689 -8.382
805  36  10.877 29.126 -7.595
806  36  11.134 28.626 -6.505
807  36  8.657 29.832 -8.507
139  35  -8.118 -24.237 -8.104
140  35  -8.597 -25.243 -7.152
141  35  -9.396 -26.299 -7.913
142  35  -10.329 -25.991 -8.654
143  35  -9.43 -24.579 -6.063
144  35  -9.705 -24.559 -2.972
797  35  8.118 24.237 -8.104
798  35  8.597 25.243 -7.152
799  35  9.396 26.299 -7.913
800  35  10.329 25.991 -8.654
801  35  9.43 24.579 -6.063
802  35  9.706 24.56 -2.972
133  34  -5.194 -23.48 -9.893
134  34  -6.653 -23.454 -9.867
135  34  -7.087 -24.536 -8.881
136  34  -6.471 -25.606 -8.826
137  34  -7.246 -23.682 -11.252
138  34  -10.694 -24.465 -12.192
791  34  5.194 23.48 -9.893
792  34  6.653 23.454 -9.867
793  34  7.087 24.536 -8.881
794  34  6.471 25.606 -8.826
795  34  7.246 23.682 -11.252
796  34  10.694 24.465 -12.192
127  33  -2.337 -21.29 -10.012
128  33  -2.982 -22.555 -9.692
129  33  -4.495 -22.368 -9.709
130  33  -4.966 -21.258 -9.519
131  33  -2.565 -23.049 -8.309
132  33  0.306 -23.297 -8.027
785  33  2.337 21.29 -10.012
786  33  2.982 22.555 -9.692
787  33  4.495 22.368 -9.709
788  33  4.966 21.258 -9.519
789  33  2.565 23.049 -8.309
790  33  -0.306 23.297 -8.027
53  20  11.551 -0.225 -4.058
54  20  12.865 0.245 -3.604
55  20  13.566 0.967 -4.751
56  20  14.081 2.074 -4.554
57  20  13.725 -0.931 -3.122
58  20  14.157 -1.043 -2.376
711  20  -11.551 0.225 -4.058
712  20  -12.865 -0.245 -3.604
713  20  -13.566 -0.967 -4.751
714  20  -14.081 -2.074 -4.554
715  20  -13.725 0.931 -3.122
716  20  -14.157 1.043 -2.376
48  19  9.314 -1.199 -5.277
49  19  9.193 0.052 -4.552
50  19  10.505 0.577 -3.98
51  19  10.501 1.698 -3.445
52  19  8.178 -0.077 -3.419
706  19  -9.314 1.199 -5.277
707  19  -9.193 -0.052 -4.552
708  19  -10.505 -0.577 -3.98
709  19  -10.501 -1.698 -3.445
710  19  -8.178 0.077 -3.419
42  18  8.773 -2.679 -8.266
43  18  9.752 -2.653 -7.184
44  18  9.753 -1.275 -6.534
45  18  10.097 -0.267 -7.168
46  18  11.099 -3.035 -7.8
47  18  12.589 -2.96 -6.596
700  18  -8.773 2.679 -8.266
701  18  -9.752 2.653 -7.184
702  18  -9.753 1.275 -6.534
703  18  -10.097 0.267 -7.168
704  18  -11.099 3.035 -7.8
705  18  -12.589 2.96 -6.596
36  17  5.87 -4.308 -9.583
37  17  6.708 -3.141 -9.416
38  17  7.6 -3.274 -8.182
39  17  7.211 -3.886 -7.183
40  17  5.864 -1.877 -9.282
41  17  5.073 -0.938 -10.764
694  17  -5.87 4.308 -9.583
695  17  -6.708 3.141 -9.416
696  17  -7.6 3.274 -8.182
697  17  -7.211 3.886 -7.183
698  17  -5.864 1.877 -9.282
699  17  -5.073 0.938 -10.764
30  16  4.202 -6.337 -11.875
31  16  4.922 -6.281 -10.603
32  16  5.897 -5.108 -10.626
33  16  6.63 -4.933 -11.592
34  16  5.694 -7.587 -10.377
35  16  5.537 -8.208 -9.77
688  16  -4.202 6.337 -11.875
689  16  -4.922 6.281 -10.603
690  16  -5.897 5.108 -10.626
691  16  -6.63 4.933 -11.592
692  16  -5.694 7.587 -10.377
693  16  -5.537 8.208 -9.77
24  15  1.277 -7.687 -13.139
25  15  2.202 -6.564 -13.223
26  15  2.878 -6.405 -11.87
27  15  2.184 -6.422 -10.853
28  15  1.467 -5.298 -13.642
29  15  2.475 -2.656 -14.478
682  15  -1.277 7.687 -13.139
683  15  -2.202 6.564 -13.223
684  15  -2.878 6.405 -11.87
685  15  -2.184 6.422 -10.853
686  15  -1.467 5.298 -13.642
687  15  -2.475 2.656 -14.478
0  11  -7.132 -12.567 -20.63
1  11  -8.05 -12.567 -19.51
2  11  -7.263 -12.396 -18.217
3  11  -7.864 -12.032 -17.212
4  11  -8.724 -13.929 -19.558
5  11  -7.411 -14.345 -20.801
658  11  7.132 12.567 -20.63
659  11  8.05 12.567 -19.51
660  11  7.263 12.396 -18.217
661  11  7.864 12.032 -17.212
662  11  8.724 13.929 -19.558
663  11  7.411 14.345 -20.801
6  12  -5.966 -12.687 -18.216
7  12  -5.192 -12.603 -16.969
8  12  -3.823 -12.009 -17.224
9  12  -3.033 -12.514 -18.014
10  12  -5.05 -13.986 -16.337
11  12  -4.485 -14.337 -14.5
664  12  5.966 12.687 -18.216
665  12  5.192 12.603 -16.969
666  12  3.823 12.009 -17.224
667  12  3.033 12.514 -18.014
668  12  5.05 13.986 -16.337
669  12  4.485 14.337 -14.5
12  13  -3.506 -10.932 -16.526
13  13  -2.215 -10.268 -16.657
14  13  -1.705 -9.997 -15.246
15  13  -2.501 -9.738 -14.348
16  13  -2.329 -8.957 -17.432
17  13  -0.824 -7.088 -17.211
670  13  3.506 10.932 -16.526
671  13  2.215 10.268 -16.657
672  13  1.705 9.997 -15.246
673  13  2.501 9.738 -14.348
674  13  2.329 8.957 -17.432
675  13  0.824 7.088 -17.211
18  14  -0.4 -10.074 -15.073
19  14  0.24 -9.807 -13.785
20  14  1.265 -8.702 -13.99
21  14  2.031 -8.756 -14.948
22  14  0.88 -11.084 -13.216
23  14  0.706 -11.475 -12.458
676  14  0.4 10.074 -15.073
677  14  -0.24 9.807 -13.785
678  14  -1.265 8.702 -13.99
679  14  -2.031 8.756 -14.948
680  14  -0.88 11.084 -13.216
681  14  -0.706 11.475 -12.458
59  21  13.505 0.404 -5.945
60  21  14.151 0.968 -7.118
61  21  13.29 1.885 -7.949
62  21  13.802 2.638 -8.791
63  21  14.65 -0.191 -8.015
64  21  16.806 -2.703 -9.045
717  21  -13.505 -0.404 -5.945
718  21  -14.151 -0.968 -7.118
719  21  -13.29 -1.885 -7.949
720  21  -13.802 -2.638 -8.791
721  21  -14.65 0.191 -8.015
722  21  -16.806 2.703 -9.045
65  22  11.98 1.865 -7.787
66  22  11.068 2.688 -8.582
67  22  11.08 2.212 -10.031
68  22  11.196 2.984 -10.984
723  22  -11.98 -1.865 -7.787
724  22  -11.068 -2.688 -8.582
725  22  -11.08 -2.212 -10.031
726  22  -11.196 -2.984 -10.984
69  23  10.949 0.901 -10.197
70  23  11.033 0.299 -11.51
71  23  10.146 -0.925 -11.598
72  23  9.72 -1.439 -10.571
73  23  12.486 -0.23 -11.64
74  23  12.692 -1.335 -10.764
727  23  -10.949 -0.901 -10.197
728  23  -11.033 -0.299 -11.51
729  23  -10.146 0.925 -11.598
730  23  -9.72 1.439 -10.571
731  23  -12.486 0.23 -11.64
732  23  -12.692 1.335 -10.764
75  24  9.94 -1.41 -12.802
76  24  9.283 -2.701 -12.94
77  24  10.176 -3.738 -12.261
78  24  11.402 -3.614 -12.192
79  24  9.229 -2.938 -14.438
80  24  9.916 -1.23 -14.582
733  24  -9.94 1.41 -12.802
734  24  -9.283 2.701 -12.94
735  24  -10.176 3.738 -12.261
736  24  -11.402 3.614 -12.192
737  24  -9.229 2.938 -14.438
738  24  -9.916 1.23 -14.582
81  25  9.552 -4.773 -11.721
82  25  10.239 -5.91 -11.124
83  25  10.378 -6.931 -12.256
84  25  9.396 -7.531 -12.696
85  25  9.486 -6.458 -9.937
739  25  -9.552 4.773 -11.721
740  25  -10.239 5.91 -11.124
741  25  -10.378 6.931 -12.256
742  25  -9.396 7.531 -12.696
743  25  -9.486 6.458 -9.937
86  26  11.587 -7.072 -12.775
87  26  11.863 -7.894 -13.94
88  26  12.267 -9.309 -13.573
89  26  12.9 -9.532 -12.55
90  26  12.991 -7.21 -14.765
91  26  13.218 -6.237 -15.615
744  26  -11.587 7.072 -12.775
745  26  -11.863 7.894 -13.94
746  26  -12.267 9.309 -13.573
747  26  -12.9 9.532 -12.55
748  26  -12.991 7.21 -14.765
749  26  -13.218 6.237 -15.615
92  27  11.857 -10.27 -14.399
93  27  12.246 -11.664 -14.215
94  27  11.748 -12.292 -12.928
95  27  12.365 -13.168 -12.318
96  27  13.775 -11.794 -14.281
97  27  14.458 -11.437 -16.047
750  27  -11.857 10.27 -14.399
751  27  -12.246 11.664 -14.215
752  27  -11.748 12.292 -12.928
753  27  -12.365 13.168 -12.318
754  27  -13.775 11.794 -14.281
755  27  -14.458 11.437 -16.047
98  28  10.567 -11.841 -12.531
99  28  9.909 -12.409 -11.359
100  28  9.082 -13.613 -11.793
101  28  8.236 -13.522 -12.679
102  28  8.989 -11.384 -10.68
103  28  9.023 -11.072 -9.874
756  28  -10.567 11.841 -12.531
757  28  -9.909 12.409 -11.359
758  28  -9.082 13.613 -11.793
759  28  -8.236 13.522 -12.679
760  28  -8.989 11.384 -10.68
761  28  -9.024 11.072 -9.874
104  29  9.326 -14.745 -11.161
105  29  8.561 -15.944 -11.469
106  29  7.163 -15.845 -10.861
107  29  6.983 -15.415 -9.734
108  29  9.264 -17.175 -10.934
762  29  -9.326 14.745 -11.161
763  29  -8.561 15.944 -11.469
764  29  -7.163 15.845 -10.861
765  29  -6.983 15.415 -9.734
766  29  -9.264 17.175 -10.934
109  30  6.21 -16.32 -11.638
110  30  4.804 -16.307 -11.264
111  30  4.202 -17.675 -11.585
112  30  4.333 -18.158 -12.703
113  30  4.041 -15.204 -12.023
114  30  3.608 -14.534 -11.692
767  30  -6.21 16.32 -11.638
768  30  -4.804 16.307 -11.264
769  30  -4.202 17.675 -11.585
770  30  -4.333 18.158 -12.703
771  30  -4.041 15.204 -12.023
772  30  -3.608 14.533 -11.692
115  31  3.533 -18.267 -10.613
116  31  2.866 -19.546 -10.781
117  31  1.38 -19.37 -10.468
118  31  1.067 -18.78 -9.439
119  31  3.458 -20.615 -9.858
120  31  5.949 -21.303 -10.493
773  31  -3.533 18.267 -10.613
774  31  -2.866 19.546 -10.781
775  31  -1.38 19.37 -10.468
776  31  -1.067 18.78 -9.439
777  31  -3.458 20.615 -9.858
778  31  -5.949 21.303 -10.493
121  32  0.556 -19.858 -11.375
122  32  -0.889 -19.768 -11.203
123  32  -1.437 -21.17 -10.965
124  32  -1.016 -22.108 -11.642
125  32  -1.581 -19.103 -12.395
126  32  -1.987 -18.34 -12.459
779  32  -0.556 19.858 -11.375
780  32  0.889 19.768 -11.203
781  32  1.437 21.17 -10.965
782  32  1.016 22.108 -11.642
783  32  1.581 19.103 -12.395
784  32  1.987 18.34 -12.459
264  57  -0.077 -13.545 -21.591
265  57  -0.188 -14.849 -22.202
266  57  -0.268 -16.041 -21.284
267  57  -0.023 -17.173 -21.721
922  57  0.077 13.545 -21.591
923  57  0.188 14.849 -22.202
924  57  0.268 16.041 -21.284
925  57  0.023 17.173 -21.721
268  58  -0.62 -15.862 -20.017
269  58  -0.722 -16.99 -19.106
270  58  -1.842 -17.938 -19.527
271  58  -1.677 -19.144 -19.351
272  58  -0.955 -16.566 -17.658
273  58  0.478 -16.103 -16.442
926  58  0.62 15.862 -20.017
927  58  0.722 16.99 -19.106
928  58  1.842 17.938 -19.527
929  58  1.677 19.144 -19.351
930  58  0.955 16.566 -17.658
931  58  -0.478 16.103 -16.442
274  59  -2.943 -17.379 -20.013
275  59  -4.069 -18.247 -20.372
276  59  -4.883 -17.643 -21.493
277  59  -4.626 -16.576 -22.031
278  59  -4.913 -18.491 -19.107
279  59  -5.767 -18.376 -18.991
932  59  2.943 17.379 -20.013
933  59  4.069 18.247 -20.372
934  59  4.883 17.643 -21.493
935  59  4.626 16.576 -22.031
936  59  4.913 18.491 -19.107
937  59  5.767 18.376 -18.991
280  60  -5.96 -18.339 -21.843
281  60  -6.867 -17.917 -22.899
282  60  -8.268 -17.804 -22.315
283  60  -8.535 -18.359 -21.254
284  60  -6.901 -18.947 -24.044
285  60  -6.453 -19.682 -24.06
938  60  5.96 18.339 -21.843
939  60  6.867 17.917 -22.899
940  60  8.268 17.804 -22.315
941  60  8.535 18.359 -21.254
942  60  6.901 18.947 -24.044
943  60  6.453 19.682 -24.06
286  61  -9.145 -17.141 -23.045
287  61  -10.537 -17.036 -22.61
288  61  -11.165 -18.41 -22.424
289  61  -11.941 -18.658 -21.495
290  61  -11.278 -16.265 -23.696
291  61  -12.871 -14.474 -24.086
944  61  9.145 17.141 -23.045
945  61  10.537 17.036 -22.61
946  61  11.165 18.41 -22.424
947  61  11.941 18.658 -21.495
948  61  11.278 16.265 -23.696
949  61  12.871 14.474 -24.086
292  62  -10.869 -19.341 -23.325
293  62  -11.429 -20.686 -23.254
294  62  -10.993 -21.481 -22.037
295  62  -11.773 -22.158 -21.372
296  62  -11.067 -21.49 -24.517
297  62  -11.904 -22.273 -26.732
950  62  10.869 19.341 -23.325
951  62  11.429 20.686 -23.254
952  62  10.993 21.481 -22.037
953  62  11.773 22.158 -21.372
954  62  11.067 21.49 -24.517
955  62  11.904 22.274 -26.732
298  63  -9.712 -21.368 -21.688
299  63  -9.155 -22.141 -20.6
300  63  -9.413 -21.548 -19.219
301  63  -9.455 -22.262 -18.223
302  63  -7.657 -22.222 -20.841
303  63  -5.457 -22.838 -20.324
956  63  9.712 21.368 -21.688
957  63  9.155 22.141 -20.6
958  63  9.413 21.548 -19.219
959  63  9.455 22.262 -18.223
960  63  7.657 22.222 -20.841
961  63  5.457 22.838 -20.324
304  64  -9.605 -20.239 -19.178
305  64  -9.795 -19.508 -17.928
306  64  -11.264 -19.517 -17.519
307  64  -11.983 -18.53 -17.597
308  64  -9.268 -18.09 -18.104
309  64  -8.905 -16.507 -15.704
962  64  9.605 20.239 -19.178
963  64  9.795 19.508 -17.928
964  64  11.264 19.517 -17.519
965  64  11.983 18.53 -17.597
966  64  9.268 18.09 -18.104
967  64  8.905 16.508 -15.704
310  65  -11.653 -20.708 -17.08
311  65  -13.037 -20.935 -16.67
312  65  -13.27 -20.451 -15.251
313  65  -12.353 -19.988 -14.565
314  65  -13.392 -22.436 -16.763
315  65  -12.912 -23.104 -17.034
968  65  11.653 20.708 -17.08
969  65  13.037 20.935 -16.67
970  65  13.27 20.451 -15.251
971  65  12.353 19.988 -14.565
972  65  13.392 22.436 -16.763
973  65  12.912 23.105 -17.034
316  66  -14.52 -20.497 -14.799
317  66  -14.858 -20.175 -13.428
318  66  -13.994 -21.03 -12.498
319  66  -13.745 -22.197 -12.793
320  66  -16.283 -20.549 -13.045
321  66  -18.65 -20.101 -12.88
974  66  14.52 20.497 -14.799
975  66  14.858 20.175 -13.428
976  66  13.994 21.03 -12.498
977  66  13.745 22.197 -12.793
978  66  16.283 20.549 -13.045
979  66  18.65 20.101 -12.88
322  67  -13.621 -20.45 -11.361
323  67  -12.867 -21.21 -10.388
324  67  -12.215 -20.285 -9.364
325  67  -12.329 -19.072 -9.469
980  67  13.621 20.45 -11.361
981  67  12.867 21.21 -10.388
982  67  12.215 20.285 -9.364
983  67  12.329 19.072 -9.469
326  68  -11.565 -20.924 -8.42
327  68  -10.756 -20.216 -7.427
328  68  -9.311 -20.389 -7.884
329  68  -8.838 -21.508 -8.122
330  68  -10.954 -20.738 -6.012
331  68  -11.749 -20.559 -4.977
984  68  11.565 20.924 -8.42
985  68  10.756 20.216 -7.427
986  68  9.311 20.389 -7.884
987  68  8.838 21.508 -8.122
988  68  10.954 20.738 -6.012
989  68  11.749 20.559 -4.977
332  69  -8.66 -19.258 -8.104
333  69  -7.296 -19.228 -8.595
334  69  -6.36 -18.621 -7.566
335  69  -6.742 -17.769 -6.769
336  69  -7.21 -18.387 -9.873
337  69  -8.752 -19.802 -12.433
990  69  8.66 19.258 -8.104
991  69  7.296 19.228 -8.595
992  69  6.36 18.621 -7.566
993  69  6.742 17.769 -6.769
994  69  7.21 18.387 -9.873
995  69  8.752 19.802 -12.433
338  70  -5.122 -19.073 -7.612
339  70  -4.058 -18.577 -6.765
340  70  -2.907 -18.146 -7.676
341  70  -2.421 -18.949 -8.474
342  70  -3.542 -19.639 -5.789
343  70  -1.755 -20.724 -4.004
996  70  5.122 19.073 -7.612
997  70  4.058 18.577 -6.765
998  70  2.907 18.146 -7.676
999  70  2.421 18.949 -8.474
1000  70  3.542 19.639 -5.789
1001  70  1.755 20.724 -4.004
344  71  -2.507 -16.892 -7.53
345  71  -1.355 -16.36 -8.246
346  71  -0.232 -16.217 -7.227
347  71  -0.346 -15.433 -6.284
348  71  -1.668 -15.02 -8.92
349  71  -1.602 -14.836 -9.748
1002  71  2.507 16.892 -7.53
1003  71  1.355 16.36 -8.246
1004  71  0.232 16.217 -7.227
1005  71  0.346 15.433 -6.284
1006  71  1.668 15.02 -8.92
1007  71  1.602 14.836 -9.748
350  72  0.795 -17.031 -7.387
351  72  1.954 -17.014 -6.51
352  72  3.04 -16.208 -7.227
353  72  3.397 -16.522 -8.362
354  72  2.431 -18.439 -6.255
355  72  4.278 -19.896 -5.576
1008  72  -0.795 17.031 -7.387
1009  72  -1.954 17.014 -6.51
1010  72  -3.04 16.208 -7.227
1011  72  -3.397 16.522 -8.362
1012  72  -2.431 18.439 -6.255
1013  72  -4.278 19.896 -5.576
356  73  3.506 -15.158 -6.57
357  73  4.576 -14.322 -7.134
358  73  5.82 -14.605 -6.309
359  73  5.782 -14.365 -5.098
360  73  4.178 -12.843 -7.089
361  73  3.474 -11.944 -7.726
1014  73  -3.506 15.158 -6.57
1015  73  -4.576 14.322 -7.134
1016  73  -5.82 14.605 -6.309
1017  73  -5.782 14.365 -5.098
1018  73  -4.178 12.843 -7.089
1019  73  -3.474 11.944 -7.726
362  74  6.892 -15.111 -6.921
363  74  8.079 -15.465 -6.142
364  74  8.947 -14.23 -5.898
365  74  9.915 -13.931 -6.581
366  74  8.939 -16.574 -6.723
367  74  10.497 -16.963 -5.674
1020  74  -6.892 15.111 -6.921
1021  74  -8.079 15.465 -6.142
1022  74  -8.947 14.23 -5.898
1023  74  -9.915 13.931 -6.581
1024  74  -8.939 16.574 -6.723
1025  74  -10.497 16.963 -5.674
368  75  8.534 -13.554 -4.838
369  75  9.201 -12.329 -4.418
370  75  10.51 -12.602 -3.694
371  75  11.44 -11.783 -3.804
372  75  8.274 -11.523 -3.492
373  75  7.46 -11.695 -3.296
1026  75  -8.534 13.554 -4.838
1027  75  -9.201 12.329 -4.418
1028  75  -10.51 12.602 -3.694
1029  75  -11.44 11.783 -3.804
1030  75  -8.274 11.523 -3.492
1031  75  -7.46 11.695 -3.296
374  76  10.61 -13.687 -2.931
375  76  11.844 -13.905 -2.179
376  76  13.056 -14.027 -3.09
377  76  14.101 -13.412 -2.827
378  76  11.695 -15.128 -1.281
379  76  13.234 -16.64 0.995
1032  76  -10.61 13.687 -2.931
1033  76  -11.844 13.905 -2.179
1034  76  -13.056 14.027 -3.09
1035  76  -14.101 13.412 -2.827
1036  76  -11.695 15.128 -1.281
1037  76  -13.234 16.64 0.995
380  77  12.89 -14.791 -4.156
381  77  14 -14.982 -5.093
382  77  14.396 -13.654 -5.71
383  77  15.571 -13.347 -5.927
384  77  13.613 -16.027 -6.125
385  77  13.513 -17.306 -5.528
1038  77  -12.89 14.791 -4.156
1039  77  -14 14.982 -5.093
1040  77  -14.396 13.654 -5.71
1041  77  -15.571 13.347 -5.927
1042  77  -13.613 16.027 -6.125
1043  77  -13.513 17.306 -5.528
386  78  13.393 -12.856 -6.058
387  78  13.633 -11.536 -6.63
388  78  14.5 -10.688 -5.714
389  78  15.509 -10.113 -6.162
390  78  12.265 -10.89 -6.899
391  78  12.689 -7.797 -7.976
1044  78  -13.393 12.856 -6.058
1045  78  -13.633 11.536 -6.63
1046  78  -14.5 10.688 -5.714
1047  78  -15.509 10.113 -6.162
1048  78  -12.265 10.89 -6.899
1049  78  -12.689 7.797 -7.976
392  79  14.152 -10.582 -4.439
393  79  14.913 -9.76 -3.511
394  79  16.307 -10.315 -3.241
395  79  17.264 -9.542 -3.188
396  79  14.216 -9.587 -2.162
397  79  12.342 -6.905 -2.781
1050  79  -14.152 10.582 -4.439
1051  79  -14.913 9.76 -3.511
1052  79  -16.307 10.315 -3.241
1053  79  -17.264 9.542 -3.188
1054  79  -14.216 9.587 -2.162
1055  79  -12.342 6.905 -2.781
398  80  16.372 -11.633 -3.111
399  80  17.683 -12.23 -2.824
400  80  18.667 -11.955 -3.944
401  80  19.853 -11.758 -3.642
402  80  17.537 -13.725 -2.549
403  80  17.39 -15.672 -1.338
1056  80  -16.372 11.633 -3.111
1057  80  -17.683 12.23 -2.824
1058  80  -18.667 11.955 -3.944
1059  80  -19.853 11.758 -3.642
1060  80  -17.537 13.725 -2.549
1061  80  -17.39 15.672 -1.338
404  81  18.207 -11.913 -5.192
405  81  19.136 -11.659 -6.298
406  81  19.616 -10.216 -6.308
407  81  20.665 -9.909 -6.891
408  81  18.532 -12.046 -7.629
1062  81  -18.207 11.913 -5.192
1063  81  -19.136 11.659 -6.298
1064  81  -19.616 10.216 -6.308
1065  81  -20.665 9.909 -6.891
1066  81  -18.532 12.046 -7.629
409  82  18.916 -9.334 -5.627
410  82  19.288 -7.937 -5.502
411  82  20.085 -7.679 -4.225
412  82  20.412 -6.545 -3.901
413  82  18.046 -7.056 -5.524
414  82  17.128 -6.555 -7.139
1067  82  -18.916 9.334 -5.627
1068  82  -19.288 7.937 -5.502
1069  82  -20.085 7.679 -4.225
1070  82  -20.412 6.545 -3.901
1071  82  -18.046 7.056 -5.524
1072  82  -17.128 6.555 -7.139
415  83  20.385 -8.722 -3.466
416  83  21.161 -8.632 -2.25
417  83  20.371 -8.407 -0.976
418  83  20.964 -8.173 0.079
1073  83  -20.385 8.722 -3.466
1074  83  -21.161 8.632 -2.25
1075  83  -20.371 8.407 -0.976
1076  83  -20.964 8.173 0.079
419  84  19.047 -8.538 -1.06
420  84  18.193 -8.277 0.094
421  84  17.547 -9.553 0.603
422  84  17.076 -10.363 -0.198
423  84  17.108 -7.261 -0.334
424  84  16.915 -5.989 -0.423
1077  84  -19.047 8.538 -1.06
1078  84  -18.193 8.277 0.094
1079  84  -17.547 9.553 0.603
1080  84  -17.076 10.363 -0.198
1081  84  -17.108 7.261 -0.334
1082  84  -16.915 5.989 -0.423
425  85  17.528 -9.718 1.913
426  85  16.88 -10.88 2.529
427  85  15.536 -10.346 3.001
428  85  15.437 -9.61 3.979
429  85  17.698 -11.454 3.674
430  85  18.991 -11.822 3.229
1083  85  -17.528 9.718 1.913
1084  85  -16.88 10.88 2.529
1085  85  -15.536 10.346 3.001
1086  85  -15.437 9.61 3.979
1087  85  -17.698 11.454 3.674
1088  85  -18.991 11.822 3.229
431  86  14.484 -10.672 2.247
432  86  13.162 -10.149 2.516
433  86  12.387 -10.991 3.498
434  86  12.796 -12.083 3.902
435  86  12.51 -10.213 1.139
436  86  13.787 -11.525 0.824
1089  86  -14.484 10.672 2.247
1090  86  -13.162 10.149 2.516
1091  86  -12.387 10.991 3.498
1092  86  -12.796 12.083 3.902
1093  86  -12.51 10.213 1.139
1094  86  -13.787 11.524 0.824
437  87  11.25 -10.441 3.889
438  87  10.43 -11.136 4.87
439  87  9.617 -12.29 4.299
440  87  9.549 -13.377 4.873
441  87  9.468 -10.146 5.531
442  87  7.953 -11.364 7.672
1095  87  -11.25 10.441 3.889
1096  87  -10.43 11.136 4.87
1097  87  -9.617 12.29 4.299
1098  87  -9.549 13.377 4.873
1099  87  -9.468 10.146 5.531
1100  87  -7.953 11.364 7.672
443  88  8.902 -12.023 3.215
444  88  7.973 -13.017 2.7
445  88  8.581 -14.076 1.815
446  88  9.534 -13.822 1.074
447  88  6.863 -12.297 1.9
448  88  5.745 -10.381 3.366
1101  88  -8.902 12.023 3.215
1102  88  -7.973 13.017 2.7
1103  88  -8.581 14.076 1.815
1104  88  -9.534 13.822 1.074
1105  88  -6.863 12.297 1.9
1106  88  -5.745 10.381 3.366
449  89  7.97 -15.268 1.787
450  89  8.405 -16.306 0.864
451  89  7.958 -15.98 -0.559
452  89  8.641 -16.219 -1.541
453  89  7.836 -17.671 1.258
454  89  9.818 -18.443 2.399
1107  89  -7.97 15.268 1.787
1108  89  -8.405 16.306 0.864
1109  89  -7.958 15.98 -0.559
1110  89  -8.641 16.219 -1.541
1111  89  -7.836 17.671 1.258
1112  89  -9.818 18.443 2.399
455  90  6.756 -15.457 -0.661
456  90  6.12 -15.076 -1.908
457  90  4.936 -14.19 -1.571
458  90  4.635 -13.932 -0.409
459  90  5.695 -16.278 -2.74
460  90  4.68 -18.381 -1.485
1113  90  -6.756 15.457 -0.661
1114  90  -6.12 15.076 -1.908
1115  90  -4.936 14.19 -1.571
1116  90  -4.635 13.932 -0.409
1117  90  -5.695 16.278 -2.74
1118  90  -4.68 18.381 -1.485
461  91  4.31 -13.654 -2.596
462  91  3.067 -12.908 -2.46
463  91  2.022 -13.82 -3.111
464  91  2.246 -14.241 -4.243
465  91  3.158 -11.564 -3.128
1119  91  -4.31 13.654 -2.596
1120  91  -3.067 12.908 -2.46
1121  91  -2.022 13.82 -3.111
1122  91  -2.246 14.241 -4.243
1123  91  -3.158 11.564 -3.128
466  92  0.997 -14.204 -2.373
467  92  -0.058 -15.072 -2.864
468  92  -1.333 -14.26 -3.048
469  92  -1.751 -13.457 -2.208
470  92  -0.305 -16.245 -1.917
471  92  0.596 -18.217 -0.778
1124  92  -0.997 14.204 -2.373
1125  92  0.058 15.072 -2.864
1126  92  1.333 14.26 -3.048
1127  92  1.751 13.457 -2.208
1128  92  0.305 16.245 -1.917
1129  92  -0.596 18.217 -0.778
472  93  -1.979 -14.424 -4.193
473  93  -3.209 -13.697 -4.488
474  93  -4.255 -14.749 -4.834
475  93  -4.106 -15.438 -5.836
476  93  -2.982 -12.7 -5.617
477  93  -3.053 -11.844 -5.562
1130  93  1.979 14.424 -4.193
1131  93  3.209 13.697 -4.488
1132  93  4.255 14.749 -4.834
1133  93  4.106 15.438 -5.836
1134  93  2.982 12.7 -5.617
1135  93  3.053 11.844 -5.562
478  94  -5.28 -14.882 -4.013
479  94  -6.283 -15.929 -4.168
480  94  -7.649 -15.295 -4.384
481  94  -8.075 -14.458 -3.58
482  94  -6.328 -16.861 -2.941
483  94  -6.116 -17.724 -2.913
1136  94  5.28 14.882 -4.013
1137  94  6.283 15.929 -4.168
1138  94  7.649 15.295 -4.384
1139  94  8.075 14.458 -3.58
1140  94  6.328 16.861 -2.941
1141  94  6.116 17.724 -2.913
484  95  -8.325 -15.711 -5.451
485  95  -9.582 -15.084 -5.811
486  95  -10.453 -15.992 -6.654
487  95  -9.96 -16.838 -7.38
488  95  -9.322 -13.815 -6.642
489  95  -7.86 -14.162 -9.115
1142  95  8.325 15.711 -5.451
1143  95  9.582 15.084 -5.811
1144  95  10.453 15.992 -6.654
1145  95  9.96 16.838 -7.38
1146  95  9.322 13.815 -6.642
1147  95  7.86 14.162 -9.115
490  96  -11.749 -15.741 -6.602
491  96  -12.703 -16.407 -7.486
492  96  -12.746 -15.609 -8.779
493  96  -12.841 -14.385 -8.772
494  96  -14.09 -16.472 -6.838
495  96  -14.548 -17.187 -6.719
1148  96  11.749 15.741 -6.602
1149  96  12.703 16.407 -7.486
1150  96  12.746 15.609 -8.779
1151  96  12.841 14.385 -8.772
1152  96  14.09 16.472 -6.838
1153  96  14.548 17.187 -6.719
496  97  -12.674 -16.299 -9.918
497  97  -12.7 -15.625 -11.2
498  97  -13.873 -16.088 -12.048
499  97  -14.295 -17.236 -11.96
500  97  -11.402 -15.886 -11.96
1154  97  12.674 16.299 -9.918
1155  97  12.7 15.625 -11.2
1156  97  13.873 16.088 -12.048
1157  97  14.295 17.236 -11.96
1158  97  11.402 15.886 -11.96
501  98  -14.373 -15.193 -12.877
502  98  -15.381 -15.474 -13.885
503  98  -16.662 -16.075 -13.347
504  98  -17.308 -16.79 -14.134
505  98  -14.768 -16.425 -14.933
506  98  -13.07 -15.81 -15.554
1159  98  14.373 15.193 -12.877
1160  98  15.381 15.474 -13.885
1161  98  16.662 16.075 -13.347
1162  98  17.308 16.79 -14.134
1163  98  14.768 16.425 -14.933
1164  98  13.07 15.81 -15.554
507  99  -17.037 -15.784 -12.111
508  99  -18.266 -16.429 -11.615
509  99  -19.506 -15.677 -12.064
510  99  -20.628 -16.152 -11.865
511  99  -18.198 -16.673 -10.12
512  99  -18.188 -15.106 -9.043
1165  99  17.037 15.784 -12.111
1166  99  18.266 16.429 -11.615
1167  99  19.506 15.677 -12.064
1168  99  20.628 16.152 -11.865
1169  99  18.198 16.673 -10.12
1170  99  18.188 15.106 -9.043
513  100  -19.327 -14.523 -12.695
514  100  -20.442 -13.744 -13.221
515  100  -20.152 -13.483 -14.7
516  100  -20.455 -12.419 -15.233
517  100  -20.617 -12.423 -12.488
518  100  -20.618 -12.564 -11.085
1171  100  19.327 14.523 -12.695
1172  100  20.442 13.744 -13.221
1173  100  20.152 13.483 -14.7
1174  100  20.455 12.419 -15.233
1175  100  20.617 12.423 -12.488
1176  100  20.618 12.564 -11.085
519  101  -19.533 -14.476 -15.333
520  101  -19.17 -14.359 -16.739
521  101  -17.697 -13.962 -16.855
522  101  -17.078 -13.583 -15.859
1177  101  19.533 14.476 -15.333
1178  101  19.17 14.359 -16.739
1179  101  17.697 13.962 -16.855
1180  101  17.078 13.583 -15.859
523  102  -17.173 -14.034 -18.07
524  102  -15.786 -13.717 -18.325
525  102  -15.423 -12.282 -17.997
526  102  -16.124 -11.326 -18.311
527  102  -15.576 -13.983 -19.807
528  102  -17.351 -14.546 -19.802
1181  102  17.173 14.034 -18.07
1182  102  15.786 13.717 -18.325
1183  102  15.423 12.282 -17.997
1184  102  16.124 11.326 -18.311
1185  102  15.576 13.983 -19.807
1186  102  17.35 14.546 -19.802
529  103  -14.263 -12.13 -17.346
530  103  -13.746 -10.809 -17.039
531  103  -12.248 -10.819 -17.377
532  103  -11.659 -11.886 -17.556
533  103  -13.925 -10.409 -15.582
534  103  -17.512 -9.576 -15.387
1187  103  14.263 12.13 -17.346
1188  103  13.746 10.809 -17.039
1189  103  12.248 10.819 -17.377
1190  103  11.659 11.886 -17.556
1191  103  13.925 10.409 -15.582
1192  103  17.512 9.576 -15.387
535  104  -11.693 -9.62 -17.457
536  104  -10.256 -9.46 -17.668
537  104  -9.691 -8.993 -16.318
538  104  -10.204 -8.067 -15.698
539  104  -9.975 -8.422 -18.738
540  104  -10.338 -7.886 -22.612
1193  104  11.693 9.62 -17.457
1194  104  10.256 9.46 -17.668
1195  104  9.691 8.993 -16.318
1196  104  10.204 8.067 -15.698
1197  104  9.975 8.422 -18.738
1198  104  10.338 7.886 -22.612
541  105  -8.685 -9.706 -15.856
542  105  -8.084 -9.443 -14.562
543  105  -6.622 -9.035 -14.681
544  105  -5.822 -9.722 -15.312
545  105  -8.087 -10.715 -13.695
546  105  -11.146 -11.805 -13.1
1199  105  8.685 9.706 -15.856
1200  105  8.084 9.443 -14.562
1201  105  6.622 9.035 -14.681
1202  105  5.822 9.722 -15.312
1203  105  8.087 10.715 -13.695
1204  105  11.146 11.805 -13.1
547  106  -6.293 -7.924 -14.043
548  106  -4.903 -7.509 -13.909
549  106  -4.6 -7.579 -12.415
550  106  -5.28 -6.939 -11.617
551  106  -4.611 -6.109 -14.443
552  106  -4.021 -5.915 -15.002
1205  106  6.293 7.924 -14.043
1206  106  4.903 7.509 -13.909
1207  106  4.6 7.579 -12.415
1208  106  5.28 6.939 -11.617
1209  106  4.611 6.109 -14.443
1210  106  4.021 5.915 -15.002
