Frame	Volume
1	3338.24
2	3067.49
3	3111.84
4	3194.35
5	3204.3
6	3261.76
7	3187.29
8	3200.07
9	3220.55
10	3140.85
11	3115.1
12	3157.13
13	3203.5
14	3083.97
15	3206.89
16	3208.7
17	3216.74
18	3178.99
19	3250.45
20	3137.72
21	3106.08
22	3212.2
23	3236.26
24	3155.39
25	3208.75
26	3158.26
27	3192.86
28	3151.25
29	3169.22
30	3209.49
31	3176.03
32	3136.47
33	3235.24
34	3213.97
35	3250.38
36	3086.8
37	3111.91
38	3121.51
39	3215.3
40	3212.59
41	3184.67
42	3254.49
43	3145.35
44	3114.02
45	3248.53
46	3166.59
47	3147.63
48	3194.48
49	3093.68
50	3190.08
51	3167.43
52	3208.06
53	3246.66
54	3232.04
55	3100.16
56	3194.22
57	3279.96
58	3240.84
59	3206.02
60	3180.58
61	3195.83
62	3183.53
63	3089.63
64	3216.01
65	3123.51
66	3167.44
67	3203.64
68	3081.51
69	3163.29
70	3196.08
71	3137.56
72	3179.1
73	3182.03
74	3232.44
75	3145.62
76	3102.91
77	3222.62
78	3171.55
79	3206.83
80	3202.52
81	3125.52
82	3225.32
83	3175.97
84	3191.84
85	3129.89
86	3107.79
87	3190.43
88	3200.74
89	3276.28
90	3173.05
91	3116.33
92	3154.71
93	3257.82
94	3235.53
95	3191.42
96	3244.11
97	3212.88
98	3170.11
99	3146.85
100	3165.87
101	3159.69
102	3127.69
103	3200.91
104	3110.43
105	3185.21
106	3189.37
107	3149.12
108	3169.71
109	3176.93
110	3184.84
111	3211.79
112	3243.91
113	3136.94
114	3132.16
115	3210.96
116	3179.01
117	3134.69
118	3196.24
119	3197.02
120	3174
121	3168.76
122	3185.15
123	3134.52
124	3164.77
125	3183.9
126	3233.64
127	3265.66
128	3282.87
129	3219.37
130	3142.76
131	3133.72
132	3165.79
133	3211.22
134	3219.41
135	3132.6
136	3220.7
137	3195.79
138	3195.17
139	3217.83
140	3261.48
141	3210.2
142	3160.15
143	3138.05
144	3230.48
145	3128.28
146	3196.21
147	3086.41
148	3141.44
149	3099.6
150	3189
151	3190.59
152	3217.66
153	3225.73
154	3126.97
155	3068.25
156	3119.05
157	3175.18
158	3168.3
159	3265.04
160	3143.17
161	3203.37
162	3206.18
163	3162.45
164	3145.42
165	3233.8
166	3238.14
167	3169.62
168	3185.19
169	3186.27
170	3180.22
171	3165.54
172	3209.98
173	3156.95
174	3175.5
175	3125.56
176	3168.18
177	3199.39
178	3171.85
179	3116.6
180	3205.61
181	3153.4
182	3229.35
183	3139.57
184	3184.95
185	3220.12
186	3210.22
187	3186.64
188	3168.59
189	3213.37
190	3218.43
191	3108.15
192	3174.31
193	3240.69
194	3185.01
195	3106.32
196	3202.7
197	3161.65
198	3150.32
199	3211.2
200	3157.79
201	3181.3
202	3132.93
203	3183.62
204	3148.81
205	3240.37
206	3121.21
207	3258.61
208	3113.78
209	3143.3
210	3200.07
211	3183.88
212	3243.25
213	3184.89
214	3184.82
215	3114.62
216	3296.4
217	3148.56
218	3172.84
219	3088.14
220	3087.28
221	3150.57
222	3205.99
223	3257.58
224	3066.09
225	3165.22
226	3241.84
227	3145.29
228	3193.32
229	3158.01
230	3187.21
231	3200.43
232	3129.9
233	3237.07
234	3148.96
235	3196.14
236	3198.4
237	3146.1
238	3196.13
239	3133.24
240	3163.79
241	3130.89
242	3198.74
243	3175.68
244	3178.91
245	3162.82
246	3147.72
247	3143.59
248	3228.79
249	3185.41
250	3162.74
251	3142.76
252	3247.66
253	3195.39
254	3206.61
255	3173.6
256	3242.77
257	3057.69
258	3115.35
259	3161.86
260	3177.25
261	3149.25
262	3129.01
263	3159.69
264	3144.81
265	3215.72
266	3214.58
267	3153.24
268	3162.75
269	3207.09
270	3211.84
271	3276.93
272	3174.12
273	3191.59
274	3178.37
275	3264.54
276	3179.63
277	3212.44
278	3213.93
279	3156.89
280	3200.31
281	3267.96
282	3209.4
283	3181.72
284	3292.79
285	3205.49
286	3137.72
287	3168.88
288	3163.95
289	3202.5
290	3126.17
291	3226.22
292	3213.52
293	3154.48
294	3223.96
295	3206.86
296	3171.5
297	3199.52
298	3188.11
299	3221.38
300	3258.05
301	3257.71
302	3201.38
303	3268.6
304	3116.36
305	3082.62
306	3168.62
307	3150.55
308	3206.63
309	3192.43
310	3143.17
311	3208.23
312	3175.16
313	3171.92
314	3211.46
315	3127.68
316	3195.69
317	3231.17
318	3136.61
319	3197.09
320	3189.38
321	3135.3
322	3220.39
323	3211.39
324	3146.75
325	3206.84
326	3223.85
327	3217.83
328	3258.04
329	3190.36
330	3124.9
331	3248.88
332	3163.95
333	3214.62
334	3114.12
335	3241.26
336	3216.9
337	3139.08
338	3133.08
339	3213.7
340	3280.16
341	3163.7
342	3160.65
343	3133.07
344	3179.17
345	3182.31
346	3140.7
347	3168.82
348	3172.23
349	3200.99
350	3141.33
351	3145.67
352	3239.31
353	3202.44
354	3288.89
355	3191.38
356	3149.75
357	3239.68
358	3235.14
359	3157.87
360	3171.48
361	3184.94
362	3195.34
363	3197.57
364	3158.59
365	3217.63
366	3168.03
367	3216.82
368	3220.58
369	3126.09
370	3222.44
371	3169.67
372	3189.76
373	3221.49
374	3193.21
375	3124.12
376	3162.07
377	3141.89
378	3191.72
379	3198.99
380	3164.79
381	3234.78
382	3163.35
383	3167.44
384	3112.07
385	3213.5
386	3084.36
387	3159.88
388	3239.19
389	3179.25
390	3214.99
391	3252.71
392	3188.44
393	3165.8
394	3238.08
395	3163.5
396	3172.31
397	3220.51
398	3186.48
399	3192.95
400	3219.19
401	3165.11
402	3268.52
403	3198.55
404	3118.34
405	3184.78
406	3211.1
407	3233.46
408	3222.71
409	3218.58
410	3209.08
411	3199.72
412	3113.04
413	3194.41
414	3215.4
415	3168.12
416	3164.21
417	3103.34
418	3206.33
419	3089.01
420	3127.45
421	3222.51
422	3170.52
423	3146.18
424	3234.93
425	3181.13
426	3066.42
427	3147.97
428	3151.03
429	3185.22
430	3172.57
431	3235.79
432	3190.91
433	3188.29
434	3249.26
435	3161.62
436	3188.84
437	3140.9
438	3168.25
439	3252.76
440	3148.67
441	3179.86
442	3167.1
443	3186.98
444	3160.78
445	3045.77
446	3206.62
447	3247.08
448	3189.25
449	3235.3
450	3146.08
451	3231.77
452	3137.33
453	3121.57
454	3172.04
455	3152.33
456	3143.66
457	3198.3
458	3222.28
459	3163.8
460	3176.39
461	3188.59
462	3228.29
463	3181.7
464	3164.94
465	3143.45
466	3189.78
467	3262.24
468	3093.49
469	3167.74
470	3206.67
471	3261.14
472	3240.42
473	3230.81
474	3187.43
475	3199.63
476	3167.2
477	3138.64
478	3087.26
479	3246.75
480	3191.02
481	3173.42
482	3207.37
483	3203.64
484	3227.63
485	3223
486	3135.95
487	3189.76
488	3191.34
489	3215.78
490	3133.71
491	3114.7
492	3206.87
493	3182.45
494	3270.7
495	3123.51
496	3120.78
497	3140.96
498	3248.55
499	3126.5
500	3165.38
501	3128.83
502	3173.66
503	3127.96
504	3179.45
505	3189.91
506	3138.16
507	3217.82
508	3209.75
509	3113.38
510	3121.68
511	3092.29
512	3154.2
513	3167.28
514	3141.29
515	3162.8
516	3201.97
517	3217.33
518	3205.17
519	3178.68
520	3228.49
521	3239.36
522	3193.24
523	3252.8
524	3150.27
525	3095.84
526	3179.28
527	3218.98
528	3248.09
529	3202.52
530	3136.15
531	3224.7
532	3204.54
533	3179.7
534	3087.37
535	3206.64
536	3168.46
537	3213.46
538	3228.1
539	3183.98
540	3186.28
541	3066.22
542	3152.07
543	3235.05
544	3139.07
545	3227.2
546	3131.96
547	3251.31
548	3276.35
549	3158.83
550	3187.59
551	3217.78
552	3173.32
553	3138.88
554	3195.08
555	3195.45
556	3138
557	3151.36
558	3276.26
559	3184.78
560	3131.25
561	3196.89
562	3187.82
563	3180.5
564	3177.02
565	3186.91
566	3153.87
567	3181.24
568	3224.55
569	3092.06
570	3196
571	3160.63
572	3172.34
573	3234.87
574	3169.31
575	3187.56
576	3158.07
577	3162.46
578	3195.51
579	3152.11
580	3183.7
581	3198.91
582	3199.84
583	3174.88
584	3190.46
585	3180.04
586	3129.59
587	3123.11
588	3168.14
589	3132.99
590	3208.05
591	3223.16
592	3167.51
593	3200.53
594	3186.77
595	3248.16
596	3182.8
597	3238.76
598	3148.25
599	3132.72
600	3131.44
601	3182.71
602	3195.31
603	3180.85
604	3121.76
605	3175.68
606	3204.79
607	3111.98
608	3170.97
609	3194.89
610	3163.99
611	3115.61
612	3148.57
613	3195.46
614	3167.46
615	3146.39
616	3207.03
617	3157.38
618	3186.38
619	3125.05
620	3143.42
621	3186.89
622	3198.96
623	3144.99
624	3139.93
625	3273.66
626	3177.11
627	3122.57
628	3249.95
629	3146.01
630	3097.51
631	3177.34
632	3216.61
633	3155.23
634	3219.08
635	3186.42
636	3226.62
637	3234.18
638	3181.42
639	3172.59
640	3145.63
641	3110.41
642	3193.57
643	3149.64
644	3219.28
645	3167.01
646	3235.59
647	3184.75
648	3159.37
649	3171.13
650	3203.19
651	3199.44
652	3038.76
653	3188.27
654	3216.25
655	3171.3
656	3226.22
657	3183.51
658	3181.73
659	3183.24
660	3201.02
661	3211.57
662	3219.75
663	3144.21
664	3192.61
665	3179.61
666	3229.29
667	3223.81
668	3199.77
669	3200.79
670	3144.78
671	3138.8
672	3155.63
673	3154.44
674	3186.73
675	3233.09
676	3191.41
677	3187.45
678	3196.36
679	3191.99
680	3223.2
681	3130.33
682	3133.12
683	3166.94
684	3126.1
685	3212.12
686	3143.68
687	3073.55
688	3150.85
689	3136.77
690	3182.6
691	3205.06
692	3193.94
693	3244.56
694	3208.96
695	3150.08
696	3180.52
697	3231.74
698	3135.72
699	3143.76
700	3178.66
701	3152.56
702	3135.97
703	3122.03
704	3300.16
705	3195.95
706	3207.64
707	3195.02
708	3235.54
709	3150.78
710	3135.34
711	3150.81
712	3209.4
713	3235.92
714	3207.08
715	3262.6
716	3199.33
717	3202.72
718	3138.63
719	3192.49
720	3181.82
721	3169.71
722	3171.51
723	3185.03
724	3175.92
725	3179.56
726	3232.42
727	3129.69
728	3159.67
729	3125.49
730	3147.77
731	3145.09
732	3166.13
733	3171.76
734	3230.38
735	3216.25
736	3151.05
737	3155.08
738	3116.24
739	3114.34
740	3173.49
741	3180.74
742	3168.22
743	3135.86
744	3197.73
745	3193.3
746	3127.73
747	3184.12
748	3208.97
749	3136.7
750	3257.53
751	3210.65
752	3234.17
753	3320.1
754	3148.71
755	3205.16
756	3208.01
757	3099.11
758	3134.69
759	3146.74
760	3194.28
761	3212.49
762	3262.38
763	3170.52
764	3221.4
765	3188.45
766	3139.03
767	3149.99
768	3168.32
769	3180.52
770	3175.58
771	3075.37
772	3255.2
773	3150.41
774	3187.88
775	3106.17
776	3270.19
777	3241.69
778	3214.57
779	3167.65
780	3276.24
781	3133.38
782	3165.58
783	3097.87
784	3184.13
785	3182.41
786	3192.25
787	3186.12
788	3177.26
789	3180.59
790	3091.1
791	3258.13
792	3182.98
793	3185.63
794	3166.94
795	3142.16
796	3183.01
797	3212.03
798	3192.49
799	3222.7
800	3171.2
801	3218.91
802	3212.02
803	3136.37
804	3269.19
805	3193.56
806	3259.99
807	3202.12
808	3200.79
809	3200.83
810	3218.42
811	3159.24
812	3154.05
813	3186.13
814	3241.43
815	3128.43
816	3165.4
817	3122.47
818	3186.58
819	3172.57
820	3181.25
821	3183.9
822	3145.51
823	3148.81
824	3175.73
825	3140.98
826	3129.06
827	3158.01
828	3129.24
829	3217.84
830	3148.14
831	3135.39
832	3137.4
833	3150.87
834	3154.64
835	3118.53
836	3078.47
837	3122.43
838	3136.66
839	3190.62
840	3157.65
841	3174.56
842	3157.81
843	3269.27
844	3257.85
845	3220.85
846	3154.25
847	3101.84
848	3218
849	3210.01
850	3155.75
851	3184.91
852	3169.97
853	3155.94
854	3104.3
855	3250.54
856	3250.63
857	3238.81
858	3196.31
859	3118.71
860	3104.03
861	3097.39
862	3140.6
863	3272.27
864	3077.39
865	3097.37
866	3254.33
867	3098.48
868	3209.15
869	3163.72
870	3173.24
871	3169.64
872	3126.46
873	3141.72
874	3223.69
875	3229.8
876	3162
877	3131.91
878	3207.43
879	3180.75
880	3194.66
881	3170.17
882	3255.51
883	3168.97
884	3132.6
885	3130.55
886	3212.45
887	3206.04
888	3200.59
889	3133.39
890	3167.58
891	3206.58
892	3212.89
893	3119.42
894	3156.79
895	3179.77
896	3223.52
897	3174.04
898	3202.2
899	3186.21
900	3193.74
901	3140.52
902	3113.37
903	3256.28
904	3276.33
905	3184.97
906	3185.93
907	3117.64
908	3182.87
909	3165.39
910	3185.25
911	3185.83
912	3229.09
913	3180.71
914	3181.71
915	3199.15
916	3207.52
917	3154.19
918	3123.5
919	3184.7
920	3163.76
921	3128.09
922	3127.15
923	3194.45
924	3173.69
925	3147.17
926	3059.1
927	3148.51
928	3209.3
929	3175.83
930	3250.87
931	3143.57
932	3138.86
933	3194.09
934	3232.94
935	3139.31
936	3140.4
937	3245.71
938	3134.68
939	3157.49
940	3136.75
941	3090.07
942	3143.56
943	3213.01
944	3160.99
945	3107.98
946	3136.03
947	3280.97
948	3181.49
949	3138.39
950	3172.23
951	3124.46
952	3153.74
953	3178.1
954	3209.51
955	3229.53
956	3150.52
957	3191.12
958	3212.05
959	3218.89
960	3189.27
961	3135.8
962	3176.35
963	3118.47
964	3126.16
965	3220.4
966	3136.27
967	3089.43
968	3247.86
969	3173.74
970	3145.81
971	3108.11
972	3091.14
973	3251.54
974	3092.62
975	3171.79
976	3193.86
977	3156.59
978	3252.72
979	3158.47
980	3241.65
981	3183.33
982	3155.48
983	3195
984	3179.76
985	3282.85
986	3163.07
987	3224.34
988	3066.81
989	3162.51
990	3221.12
991	3211.02
992	3181.67
993	3162.64
994	3201.27
995	3129.4
996	3197.53
997	3173.24
998	3117.69
999	3251.18
1000	3220.78
1001	3175.39
1002	3245.56
