Frame	Volume
1	2160.13
2	2161.24
3	2077.87
4	2155.72
5	2202.33
6	2225.24
7	2197.39
8	2119.94
9	2171.64
10	2106
11	2145.18
12	2068.07
13	2165.25
14	2130.51
15	2151.52
16	2198.28
17	2244.72
18	2157.18
19	2157.58
20	2175.99
21	2176.82
22	2080.43
23	2163.28
24	2125.81
25	2180.56
26	2223.41
27	2187.31
28	2129.67
29	2154.55
30	2187.83
31	2094.66
32	2195.06
33	2173.43
34	2175.75
35	2180.18
36	2040.63
37	2219.63
38	2125.4
39	2208.52
40	2190.16
41	2180.56
42	2205.85
43	2159.33
44	2164.49
45	2151.45
46	2144.32
47	2141.8
48	2147.26
49	2102.57
50	2165.32
51	2194.79
52	2203.11
53	2174.14
54	2210.03
55	2144.82
56	2177.42
57	2164.27
58	2140.5
59	2188.67
60	2161.45
61	2212.63
62	2180.6
63	2125.11
64	2198.99
65	2067.19
66	2160.58
67	2136.4
68	2191.3
69	2160.06
70	2156.26
71	2142.32
72	2173.81
73	2074.57
74	2225.95
75	2179.41
76	2145.27
77	2187.37
78	2211.32
79	2138.82
80	2180.8
81	2238.73
82	2178.18
83	2163.57
84	2197.38
85	2157.04
86	2125.51
87	2210.15
88	2146.52
89	2218.27
90	2197.34
91	2159
92	2149.02
93	2192.77
94	2197.34
95	2183.9
96	2198.7
97	2221.68
98	2172.72
99	2145.67
100	2218.25
101	2149.66
102	2220.36
103	2173.52
104	2153.85
105	2155.11
106	2182.66
107	2176.98
108	2184.46
109	2126.49
110	2163.19
111	2167.07
112	2174.48
113	2084.67
114	2151.48
115	2139.17
116	2206.52
117	2119.99
118	2127.54
119	2193.83
120	2139.75
121	2207.02
122	2126.33
123	2204.11
124	2147.84
125	2212.6
126	2208.3
127	2201.09
128	2288.71
129	2230.02
130	2218.16
131	2101.08
132	2132.67
133	2159.19
134	2130.76
135	2135.59
136	2179.49
137	2126.91
138	2183.54
139	2208.02
140	2159.37
141	2196.87
142	2147.57
143	2159.7
144	2211.31
145	2139.1
146	2204.46
147	2140.02
148	2165.4
149	2167.24
150	2155.33
151	2193.62
152	2114.34
153	2120.86
154	2113.35
155	2193.52
156	2170.44
157	2111.71
158	2108.88
159	2141.4
160	2140.24
161	2170.54
162	2179.18
163	2179.83
164	2220.56
165	2156.33
166	2244.88
167	2172.38
168	2119.4
169	2152.85
170	2187.57
171	2164.05
172	2194.08
173	2130.78
174	2172.03
175	2114.63
176	2116.46
177	2185.79
178	2156.77
179	2190.79
180	2226.02
181	2181.06
182	2221.23
183	2174.28
184	2134.2
185	2193.38
186	2173.01
187	2174.55
188	2164.1
189	2145.6
190	2163.21
191	2116.87
192	2162.12
193	2199.48
194	2124.65
195	2153.59
196	2171.57
197	2212.03
198	2175.82
199	2149.24
200	2181.35
201	2119.75
202	2163.47
203	2120.08
204	2233.21
205	2180.12
206	2072.6
207	2184.42
208	2090.14
209	2081.08
210	2230.29
211	2175.92
212	2228.39
213	2246.36
214	2155.53
215	2177.94
216	2189.3
217	2128.19
218	2222.28
219	2176.18
220	2124.68
221	2173.06
222	2144.09
223	2187.12
224	2122.98
225	2164.53
226	2233.08
227	2127.94
228	2204.84
229	2180.08
230	2161.91
231	2181.14
232	2151.8
233	2165.91
234	2098.62
235	2149.18
236	2213.99
237	2077.21
238	2151.99
239	2101.26
240	2168.32
241	2219.57
242	2192.64
243	2197.05
244	2166.57
245	2113.73
246	2194.47
247	2208
248	2213.79
249	2138.75
250	2167.8
251	2131.51
252	2205.63
253	2131.54
254	2167.46
255	2167.1
256	2209.65
257	2073.54
258	2193.4
259	2157.61
260	2157.26
261	2162.95
262	2211.98
263	2198.85
264	2142.04
265	2177.43
266	2155.59
267	2188.19
268	2178.14
269	2241.81
270	2221.92
271	2203.42
272	2191.91
273	2207.41
274	2172.54
275	2169.08
276	2189.56
277	2268.24
278	2133.27
279	2140.48
280	2173.38
281	2207.35
282	2187.22
283	2152.94
284	2187.09
285	2128.75
286	2141.25
287	2177.12
288	2132.47
289	2187.38
290	2135.63
291	2145.43
292	2168.35
293	2154.89
294	2216.14
295	2205.85
296	2190.38
297	2232.82
298	2110.2
299	2159.38
300	2262.91
301	2184.02
302	2159.96
303	2194.63
304	2075.47
305	2166.78
306	2147.18
307	2211.73
308	2181.83
309	2154.16
310	2174.01
311	2141.13
312	2153.48
313	2159.23
314	2204.61
315	2194.28
316	2184.05
317	2143.98
318	2130.46
319	2172.8
320	2180.43
321	2125.45
322	2168.52
323	2199.02
324	2047.69
325	2142.62
326	2152.54
327	2195.25
328	2193.6
329	2210.58
330	2127.5
331	2198.34
332	2176.98
333	2159.05
334	2143.61
335	2165.54
336	2174.03
337	2159.92
338	2180.14
339	2175.75
340	2199.93
341	2134.31
342	2209.44
343	2160.55
344	2138.46
345	2219.2
346	2186.86
347	2130.8
348	2128.38
349	2229.44
350	2163.39
351	2165.6
352	2166.7
353	2164.62
354	2216.02
355	2197.19
356	2124.03
357	2208.3
358	2101.02
359	2164.86
360	2171.11
361	2151.72
362	2158.74
363	2193.34
364	2137.24
365	2136.79
366	2225.25
367	2178.16
368	2250.67
369	2186.15
370	2169.95
371	2159.04
372	2205.64
373	2167.48
374	2189.74
375	2179.02
376	2153.64
377	2126.58
378	2184.51
379	2164.75
380	2214.2
381	2196.64
382	2119.36
383	2084.72
384	2159.25
385	2212.59
386	2120.24
387	2120.28
388	2161.8
389	2207.18
390	2215
391	2185.44
392	2183.88
393	2180.14
394	2168.42
395	2175.98
396	2243.4
397	2164.76
398	2155.67
399	2094.66
400	2180.13
401	2086.95
402	2252.46
403	2200.2
404	2193.07
405	2218.99
406	2204.64
407	2194.57
408	2170.78
409	2182.27
410	2118.4
411	2119.56
412	2107.27
413	2180.42
414	2170.4
415	2185.77
416	2220.55
417	2106.83
418	2206.26
419	2087.5
420	2124.93
421	2190.26
422	2220.36
423	2160.86
424	2189.27
425	2178.02
426	2120.05
427	2112.4
428	2100.47
429	2177.58
430	2235.86
431	2163.25
432	2133.91
433	2171.41
434	2206.6
435	2138.78
436	2200.01
437	2187.43
438	2186.9
439	2242.81
440	2151.84
441	2132.42
442	2187.92
443	2128.52
444	2152.39
445	2138.67
446	2205.53
447	2198.95
448	2084.64
449	2207.81
450	2148.88
451	2193.46
452	2122.57
453	2068.58
454	2111.28
455	2138.54
456	2118
457	2185.59
458	2161.11
459	2127.7
460	2200.86
461	2217.3
462	2192.57
463	2219.06
464	2145.13
465	2164
466	2120
467	2182.2
468	2117.6
469	2107.99
470	2197.83
471	2174.79
472	2185.25
473	2204.76
474	2185.89
475	2142.86
476	2127.22
477	2148.37
478	2037.23
479	2181.35
480	2145.84
481	2187.78
482	2142.45
483	2156.54
484	2187.35
485	2173.45
486	2147.61
487	2186.16
488	2153.47
489	2120.88
490	2172.75
491	2186.2
492	2220.96
493	2158.27
494	2174.21
495	2184.46
496	2134.96
497	2107.41
498	2154.26
499	2168.27
500	2155.72
501	2140.86
502	2126.87
503	2131.09
504	2222.88
505	2172.12
506	2185.16
507	2088.01
508	2211.4
509	2201.98
510	2155.05
511	2120.33
512	2229.39
513	2141.3
514	2152.31
515	2171.37
516	2171.91
517	2130.7
518	2140.43
519	2115.21
520	2190.76
521	2233.11
522	2195.73
523	2187.85
524	2154.47
525	2140.81
526	2174.92
527	2140.65
528	2200.49
529	2107.18
530	2135.14
531	2178.48
532	2241.07
533	2137.29
534	2134.44
535	2280.38
536	2173.51
537	2180.24
538	2199.93
539	2205.07
540	2164.48
541	2099.11
542	2174.5
543	2118.9
544	2166.59
545	2207.89
546	2130.54
547	2241.69
548	2253.21
549	2156.8
550	2174.7
551	2178.55
552	2164.95
553	2125.55
554	2166.52
555	2163.66
556	2153.01
557	2170.07
558	2193.86
559	2216.56
560	2153.19
561	2151.52
562	2168
563	2141.77
564	2164.64
565	2214.02
566	2172.67
567	2195.29
568	2107.43
569	2117.59
570	2179.36
571	2165.73
572	2192.49
573	2178.12
574	2159.23
575	2145.95
576	2158.96
577	2218.14
578	2203.99
579	2106.97
580	2223.52
581	2187.46
582	2184.04
583	2193.03
584	2203.8
585	2175.65
586	2130.02
587	2103.6
588	2139.06
589	2172.72
590	2136.86
591	2147.08
592	2183.49
593	2146.23
594	2132.85
595	2173.45
596	2087.13
597	2141.76
598	2132.13
599	2164.71
600	2091.48
601	2199.46
602	2193.75
603	2106.89
604	2214.34
605	2177.83
606	2191.69
607	2113.77
608	2215.41
609	2159.41
610	2166.69
611	2139.4
612	2153.78
613	2181.5
614	2172.36
615	2088.32
616	2170.02
617	2189.23
618	2173.5
619	2136.41
620	2135.73
621	2179.68
622	2172.4
623	2153.81
624	2157.63
625	2213.57
626	2152.01
627	2124.93
628	2182.4
629	2168.29
630	2136.06
631	2177.99
632	2162.59
633	2078.08
634	2153.49
635	2162.44
636	2138.54
637	2178.15
638	2186.59
639	2092.69
640	2155.84
641	2165.66
642	2157.29
643	2129.55
644	2198.17
645	2175.27
646	2163.59
647	2169.22
648	2164.8
649	2141.42
650	2246.26
651	2159.63
652	2109.54
653	2157.73
654	2129.22
655	2177.39
656	2248.64
657	2202.88
658	2234.74
659	2203.49
660	2195.63
661	2181.65
662	2197.55
663	2167.01
664	2195.6
665	2118.36
666	2211.45
667	2172.65
668	2188.26
669	2197.45
670	2160.94
671	2174.6
672	2080.58
673	2142.22
674	2148.79
675	2210.65
676	2083.12
677	2190.17
678	2135.76
679	2171.31
680	2161.82
681	2118.04
682	2125.42
683	2164.33
684	2116.79
685	2149.35
686	2134.21
687	2087.14
688	2150.02
689	2096.93
690	2141.06
691	2255.9
692	2158.69
693	2223.32
694	2194.98
695	2163.95
696	2147.78
697	2174.83
698	2170.55
699	2195.49
700	2181.85
701	2165.52
702	2106.23
703	2156.72
704	2191.92
705	2179.63
706	2132.52
707	2227.87
708	2184.93
709	2167.68
710	2162.17
711	2116.25
712	2175.63
713	2177.39
714	2223.05
715	2180.08
716	2180.16
717	2197.38
718	2169.51
719	2168.83
720	2177.73
721	2097.86
722	2181.52
723	2153.93
724	2170.31
725	2130.05
726	2179.67
727	2136.99
728	2132.8
729	2232.74
730	2199.44
731	2154.28
732	2102.08
733	2190.2
734	2192.03
735	2199.57
736	2196.96
737	2163.79
738	2129.02
739	2178.15
740	2243.16
741	2171.82
742	2203.49
743	2200.68
744	2178.65
745	2197.83
746	2091.48
747	2198.79
748	2182.6
749	2138.39
750	2194.23
751	2086.59
752	2174.52
753	2219.63
754	2153.43
755	2167.61
756	2133.18
757	2142.41
758	2138.2
759	2133.91
760	2168.73
761	2206.72
762	2226.64
763	2165.39
764	2176.04
765	2119.7
766	2157.43
767	2162.33
768	2167.32
769	2160.22
770	2152.56
771	2106.98
772	2174.07
773	2125.78
774	2171.8
775	2164
776	2185.35
777	2222.64
778	2177.72
779	2206.36
780	2204.48
781	2153.93
782	2169.5
783	2157.63
784	2192.35
785	2188.06
786	2166.75
787	2195.86
788	2130.97
789	2165.32
790	2103.23
791	2231.4
792	2127.81
793	2218.13
794	2150.63
795	2185.96
796	2198.97
797	2127.47
798	2224.23
799	2173.18
800	2133.98
801	2165.62
802	2133.4
803	2164.52
804	2188.95
805	2170.32
806	2106.71
807	2149.99
808	2172.76
809	2223.74
810	2180.48
811	2195.46
812	2191.82
813	2181.02
814	2140.67
815	2156.81
816	2130.24
817	2084.12
818	2194.07
819	2142.02
820	2207.86
821	2148.54
822	2150.17
823	2118.73
824	2126.57
825	2163.67
826	2128.53
827	2130.9
828	2172.26
829	2169.89
830	2077.98
831	2122.38
832	2147.02
833	2150.68
834	2145.49
835	2088.43
836	2070.56
837	2108.25
838	2112.06
839	2158.6
840	2147.51
841	2182.44
842	2170.67
843	2119.76
844	2250.38
845	2154.04
846	2131.69
847	2116.15
848	2242.41
849	2192.6
850	2132.12
851	2186.99
852	2119.35
853	2151.11
854	2151.59
855	2178.29
856	2163.06
857	2220.87
858	2105.41
859	2179.66
860	2129.88
861	2107.11
862	2087.78
863	2190.01
864	2145.26
865	2132.21
866	2199.43
867	2144.33
868	2172.55
869	2165.9
870	2219.15
871	2133.37
872	2195.85
873	2095.2
874	2199.47
875	2184.1
876	2145.82
877	2101.88
878	2172.57
879	2172.95
880	2215.22
881	2115.2
882	2219.86
883	2148.37
884	2171.24
885	2140.5
886	2182.54
887	2208.44
888	2207.76
889	2120.84
890	2221.52
891	2152.04
892	2153.11
893	2206.55
894	2163.75
895	2194.43
896	2182.98
897	2168.07
898	2141.93
899	2171.95
900	2231.76
901	2175.56
902	2137.37
903	2245.5
904	2203.19
905	2151.87
906	2124.74
907	2169.89
908	2127.52
909	2210.26
910	2136.08
911	2120.93
912	2181.23
913	2215.23
914	2192.49
915	2152.17
916	2178.86
917	2097.03
918	2108.22
919	2149.09
920	2131.36
921	2132.44
922	2168.94
923	2134.2
924	2167.56
925	2093.21
926	2122.59
927	2223.65
928	2163.61
929	2169.3
930	2239.67
931	2158.55
932	2100.33
933	2159.2
934	2154.9
935	2209.93
936	2127.99
937	2179.93
938	2105.98
939	2138.16
940	2177.48
941	2134.69
942	2140.61
943	2177.71
944	2134.1
945	2151.82
946	2137.35
947	2146.52
948	2178.68
949	2132.01
950	2126.91
951	2125.11
952	2166.19
953	2148.24
954	2240.54
955	2125.62
956	2116.47
957	2162.13
958	2182.22
959	2156.73
960	2169.68
961	2121.72
962	2177.72
963	2131.07
964	2181.05
965	2242.26
966	2155.19
967	2081.93
968	2173.85
969	2252.33
970	2112.51
971	2169.56
972	2165.29
973	2164.02
974	2088.46
975	2176.02
976	2172.42
977	2128.7
978	2195.99
979	2180.3
980	2216.84
981	2207.24
982	2176.91
983	2153.33
984	2118.15
985	2222.27
986	2136.13
987	2162.56
988	2145.63
989	2131.86
990	2214.55
991	2166.3
992	2156.17
993	2164.56
994	2189.06
995	2189.93
996	2206.37
997	2194.22
998	2122.11
999	2183.68
1000	2216.54
1001	2152.01
1002	2131.32
