Frame	Volume
1	815.134
2	758.708
3	758.662
4	757.362
5	815.354
6	803.375
7	775.813
8	777.601
9	792.326
10	753.967
11	766.192
12	770.946
13	789.448
14	767.124
15	785.135
16	816.191
17	756.254
18	756.65
19	764.93
20	762.996
21	728.712
22	755.28
23	758.086
24	749.616
25	788.66
26	773.077
27	788.624
28	772.914
29	800.763
30	808.135
31	768.24
32	768.373
33	796.71
34	763.517
35	777.351
36	749.347
37	749.045
38	768.403
39	774.478
40	786.752
41	781.26
42	774.883
43	784.604
44	774.074
45	781.377
46	767.284
47	766.133
48	755.725
49	770.624
50	744.553
51	768.556
52	777.897
53	784.567
54	760.878
55	785.7
56	783.567
57	749.6
58	792.506
59	800.42
60	786.213
61	758.479
62	784.334
63	781.692
64	775.987
65	745.934
66	767.639
67	745.816
68	754.611
69	753.865
70	772.329
71	757.996
72	748.824
73	752.986
74	784.112
75	767.156
76	773.132
77	764.164
78	793.588
79	774.45
80	788.034
81	765.488
82	770.628
83	768.14
84	752.526
85	757.283
86	772.908
87	784.835
88	752.81
89	760.297
90	767.233
91	787.129
92	768.698
93	770.966
94	795.802
95	769.483
96	801.389
97	777.974
98	761.486
99	763.962
100	761.515
101	776.402
102	780.232
103	754.112
104	784.311
105	762.566
106	775.877
107	767.028
108	751.543
109	747.784
110	787.258
111	774.607
112	779.538
113	749.034
114	762.33
115	790.965
116	781.933
117	787.677
118	762.415
119	780.931
120	769.522
121	775.473
122	769.039
123	791.43
124	754.033
125	782.929
126	758.044
127	789.163
128	806.308
129	793.835
130	781.123
131	792.691
132	779.695
133	757.573
134	770.017
135	758.095
136	782.225
137	773.548
138	766.333
139	798.08
140	798.047
141	779.825
142	760.476
143	790.346
144	791.414
145	749.96
146	775.02
147	764.841
148	754.972
149	767.983
150	769.675
151	770.086
152	763.783
153	778.822
154	778.842
155	791.953
156	742.383
157	759.721
158	754.699
159	732.825
160	766.424
161	780.887
162	738.468
163	789.195
164	778.982
165	768.694
166	764.504
167	771.31
168	760.735
169	784.667
170	781.176
171	780.654
172	805.157
173	753.854
174	756.276
175	773.768
176	762.284
177	743.498
178	769.459
179	798.053
180	773.748
181	758.444
182	765.539
183	742.558
184	757.877
185	796.412
186	769.143
187	770.109
188	770.692
189	768.384
190	758.153
191	785.913
192	777.426
193	767.254
194	788.4
195	739.519
196	751.284
197	763.368
198	765.105
199	763.518
200	804.57
201	752.54
202	762.13
203	775.257
204	769.373
205	779.699
206	759.762
207	789.565
208	761.581
209	744.562
210	784.053
211	762.672
212	797.757
213	792.197
214	774.692
215	756.159
216	771.113
217	739.267
218	774.218
219	766.639
220	759.755
221	790.263
222	774.805
223	806.988
224	757.284
225	770.002
226	788.244
227	747.194
228	790.433
229	745.536
230	749.865
231	770.853
232	783.663
233	727.078
234	751.107
235	781.289
236	772.969
237	743.025
238	762.225
239	738.868
240	773.968
241	750.181
242	751.692
243	773.448
244	774.029
245	784.728
246	747.13
247	749.719
248	802.818
249	766.901
250	769.137
251	777.01
252	790.948
253	766.206
254	758.712
255	751.858
256	780.096
257	744.755
258	771.42
259	746.675
260	773.423
261	784.106
262	774.085
263	747.114
264	759.146
265	781.72
266	791.922
267	749.009
268	755.69
269	803.875
270	781.635
271	775.67
272	778.877
273	792.511
274	771.341
275	755.564
276	771.49
277	792.749
278	781.339
279	795.902
280	754.753
281	758.579
282	770.465
283	788.726
284	784.513
285	750.647
286	765.906
287	788.469
288	780.765
289	787.664
290	778.324
291	777.317
292	778.414
293	775.297
294	797.851
295	773.908
296	790.402
297	794.098
298	756.129
299	794.666
300	775.677
301	781.189
302	798.659
303	769.791
304	763.262
305	784.239
306	788.105
307	788.96
308	792.657
309	762.25
310	782.754
311	780.009
312	750.54
313	771.051
314	733.363
315	766.607
316	783.001
317	774.827
318	777.31
319	743.638
320	771.301
321	782.438
322	762.273
323	785.522
324	764.964
325	754.572
326	765.229
327	792.879
328	772.347
329	764.985
330	795.525
331	790.802
332	757.633
333	766.413
334	743.708
335	795.7
336	791.563
337	784.516
338	744.936
339	762.311
340	767.378
341	769.541
342	786.465
343	762.986
344	767.437
345	814.124
346	748.902
347	770.513
348	740.232
349	785.378
350	767.498
351	767.227
352	788.681
353	791.634
354	793.495
355	741.58
356	750.969
357	816.223
358	752.89
359	748.553
360	767.814
361	758.547
362	789.075
363	791.796
364	765.208
365	748.035
366	786.939
367	793.645
368	787.708
369	757.972
370	802.663
371	780.388
372	758.961
373	759.401
374	774.608
375	799.009
376	781.327
377	760.168
378	798.82
379	753.98
380	772.951
381	785.573
382	765.68
383	741.009
384	783.658
385	757.226
386	733.954
387	775.527
388	761.299
389	788.795
390	741.232
391	786.503
392	752.842
393	794.799
394	769.022
395	792.174
396	768.204
397	774.089
398	750.737
399	765.459
400	803.955
401	763.55
402	781.431
403	786.596
404	776.559
405	784.235
406	791.639
407	779.236
408	774.252
409	798.538
410	776.754
411	758.567
412	739.942
413	741.953
414	784.466
415	763.054
416	764.575
417	742.668
418	767.85
419	776.118
420	750.329
421	787.044
422	773.53
423	740.664
424	767.578
425	796.828
426	749.8
427	748.435
428	759.935
429	774.824
430	733.5
431	752.219
432	786.189
433	806.602
434	758.317
435	768.827
436	773.875
437	760.045
438	758.217
439	751.908
440	773.217
441	769.917
442	792.403
443	771.851
444	762.399
445	764.535
446	776.894
447	784.472
448	759.132
449	770.851
450	789.898
451	819.873
452	753.235
453	748.657
454	772.403
455	771.057
456	750.936
457	785.173
458	777.214
459	792.382
460	761.626
461	769.692
462	787.672
463	773.046
464	763.093
465	778.869
466	764.484
467	777.694
468	756.736
469	789.932
470	803.145
471	793.779
472	755.653
473	793.4
474	790.773
475	758.795
476	789.617
477	749.71
478	760.878
479	768.586
480	770.761
481	798.427
482	769.059
483	767.578
484	808.491
485	773.292
486	731.877
487	806.277
488	776.395
489	791.063
490	760.959
491	776.801
492	790.03
493	773.459
494	781.882
495	762.041
496	794.917
497	773.352
498	766.283
499	773.31
500	784.915
501	770.601
502	756.757
503	750.585
504	767.169
505	761.122
506	773.438
507	766.568
508	775.548
509	773.998
510	739.772
511	756.492
512	772.003
513	776.925
514	775.346
515	775.136
516	774.55
517	759.858
518	733.889
519	767.306
520	785.222
521	782.013
522	774.972
523	792.442
524	777.476
525	765.169
526	801.624
527	780.725
528	789.082
529	774.666
530	794.347
531	761.102
532	774.59
533	794.71
534	800.722
535	752.2
536	774.624
537	779.796
538	772.713
539	765.176
540	742.563
541	783.267
542	774.621
543	790.274
544	777.473
545	759.428
546	743.284
547	795.174
548	787.135
549	765.674
550	794.977
551	770.504
552	754.929
553	784.258
554	760.151
555	768.631
556	783.244
557	752.913
558	805.498
559	777.45
560	782.064
561	783.767
562	754.388
563	758.582
564	773.118
565	816.453
566	750.709
567	758.058
568	766.546
569	774.04
570	793.322
571	765.122
572	801.422
573	750.889
574	754.21
575	767.334
576	773.734
577	766.486
578	798.171
579	747.596
580	784.681
581	806.3
582	806.556
583	752.799
584	790.226
585	757.927
586	752.93
587	766.922
588	742.682
589	758.772
590	751.067
591	749.832
592	780.553
593	788.529
594	757.446
595	761.939
596	756.839
597	753.227
598	750.393
599	755.834
600	778.992
601	765.275
602	752.296
603	779.053
604	755.275
605	759.58
606	789.455
607	773.83
608	783.972
609	778.814
610	774.823
611	749.585
612	747.57
613	764.747
614	792.909
615	767.608
616	749.722
617	757.94
618	758.661
619	739.498
620	787.634
621	756.663
622	792.966
623	765.855
624	760.506
625	786.495
626	764.36
627	783.029
628	759.022
629	758.63
630	748.752
631	792.718
632	768.543
633	781.901
634	763.074
635	802.893
636	766.278
637	791.761
638	752.516
639	795.587
640	757.613
641	787.789
642	758.463
643	765.269
644	780.296
645	818.379
646	774.61
647	770.241
648	751.373
649	803.836
650	774.305
651	764.768
652	750.81
653	783.531
654	782.486
655	772.083
656	746.936
657	761.619
658	788.067
659	778.195
660	755.674
661	747.325
662	802.188
663	755.557
664	767.246
665	798.508
666	803.645
667	772.255
668	787.859
669	806.342
670	782.007
671	780.344
672	767.4
673	768.775
674	787.224
675	796.584
676	772.704
677	774.398
678	748.921
679	782.055
680	776.035
681	790.73
682	765.142
683	793.767
684	752.227
685	761.023
686	769.766
687	758.918
688	746.829
689	746.236
690	776.141
691	761.807
692	784.127
693	824.844
694	776.592
695	789.5
696	759.335
697	784.78
698	766.506
699	788.269
700	784.251
701	759.479
702	771.433
703	760.481
704	785.28
705	809.885
706	749.166
707	773.064
708	799.298
709	765.523
710	752.295
711	797.282
712	779.311
713	761.419
714	793.295
715	749.789
716	767.644
717	781.848
718	777.475
719	785.967
720	762.509
721	767.733
722	784.392
723	795.416
724	787.194
725	771.742
726	788.261
727	780.013
728	761.649
729	779.894
730	792.935
731	774.426
732	746.435
733	788.509
734	787.973
735	774.745
736	787.428
737	775.32
738	752.841
739	766.679
740	758.909
741	772.81
742	773.613
743	743.184
744	777.225
745	775.744
746	775.755
747	771.895
748	771.585
749	739.597
750	781.414
751	751.978
752	798.026
753	801.843
754	740.434
755	757.078
756	773.424
757	771.687
758	771.139
759	743.533
760	735.975
761	774.051
762	786.994
763	777.323
764	804.121
765	751.43
766	764.784
767	791.907
768	789.864
769	764.547
770	811.258
771	782.325
772	760.272
773	746.225
774	810.353
775	797.19
776	761.88
777	767.591
778	759.029
779	766.916
780	787.042
781	748.105
782	770.269
783	794.433
784	773.648
785	799.662
786	785.683
787	785.596
788	764.291
789	779.794
790	750.958
791	746.158
792	784.51
793	775.916
794	801.818
795	759.913
796	809.915
797	733.309
798	779.989
799	786.978
800	755.04
801	792.786
802	768.665
803	759.906
804	780.448
805	766.697
806	771.631
807	807.454
808	764.927
809	746.636
810	775.025
811	761.362
812	784.336
813	775.627
814	817.491
815	784.789
816	785.79
817	748.518
818	785.69
819	791.755
820	753.152
821	771.455
822	785.588
823	776.841
824	738.244
825	758.37
826	756.156
827	745.815
828	763.803
829	783.559
830	769.444
831	764.09
832	760.388
833	749.351
834	773.177
835	781.471
836	734.638
837	740.996
838	757.642
839	766.675
840	747.541
841	776.235
842	739.604
843	760.265
844	797.357
845	786.644
846	756.571
847	772.005
848	797.082
849	779.521
850	775.035
851	767.33
852	786.875
853	747.552
854	747.351
855	746.591
856	773.703
857	791.835
858	795.16
859	774.967
860	793.055
861	740.705
862	755.302
863	774.136
864	777.228
865	747.937
866	770.841
867	786.265
868	762.393
869	750.958
870	767.774
871	754.863
872	762.683
873	749.008
874	760.58
875	781.309
876	773.332
877	746.979
878	768.21
879	758.676
880	778.072
881	763.246
882	798.129
883	776.959
884	781.217
885	781.762
886	809.65
887	784.016
888	794.503
889	753.011
890	773.217
891	784.645
892	812.574
893	803.568
894	753.169
895	782.796
896	770.887
897	759.046
898	766.815
899	743.755
900	803.269
901	774.232
902	770.903
903	765.389
904	809.195
905	778.834
906	784.461
907	795.754
908	749.188
909	771.206
910	727.049
911	767.028
912	769.189
913	756.713
914	769.685
915	783.756
916	786.699
917	757.629
918	787.313
919	774.454
920	757.837
921	767.446
922	786.105
923	780.479
924	763.19
925	749.267
926	749.863
927	777.55
928	751.774
929	782.976
930	811.755
931	800.836
932	724.898
933	742.59
934	753.004
935	792.883
936	748.564
937	779.564
938	766.736
939	762.769
940	761.524
941	777.145
942	770.348
943	809.894
944	770.579
945	738.873
946	772.502
947	778.032
948	783.405
949	770.378
950	790.215
951	768.034
952	752.434
953	761.749
954	788.82
955	763.583
956	753.235
957	751.228
958	769.959
959	756.833
960	777.416
961	765.065
962	754.853
963	779.992
964	772.159
965	747.609
966	769.168
967	785.253
968	770.191
969	777.405
970	758.502
971	791.847
972	734.786
973	816.13
974	780.764
975	750.904
976	786.454
977	746.193
978	765.496
979	745.102
980	764.034
981	776.23
982	766.193
983	784.846
984	756.418
985	789.26
986	766.922
987	766.069
988	772.638
989	771.866
990	766.072
991	793.232
992	769.74
993	797.926
994	754.637
995	786.88
996	766.11
997	800.657
998	761.208
999	793.536
1000	795.312
1001	765.613
1002	777.788
