Frame	Volume
1	2006.44
2	1931.33
3	1877.38
4	1946.91
5	1912.27
6	1980.36
7	1956.34
8	1927.82
9	1956.98
10	1860.06
11	1917.32
12	1909.47
13	1932.73
14	1910.85
15	1932.06
16	1968.15
17	1952.03
18	1941.29
19	1993.13
20	1927.7
21	1908.88
22	1942.62
23	1931.59
24	1881.5
25	1900.64
26	1905.29
27	1991.03
28	1902.08
29	1962.19
30	1959.68
31	1923.14
32	1916.01
33	1987.02
34	1980.14
35	1960.2
36	1902.48
37	1944.8
38	1914.62
39	1964.32
40	1936.83
41	1918.26
42	1957.97
43	1938.86
44	1927.17
45	1976.93
46	1921.15
47	1911.78
48	1958.01
49	1910.37
50	1965.67
51	1974.98
52	1939.61
53	1961.53
54	1982.11
55	1902.5
56	1957.93
57	1994.21
58	1962.72
59	1950.91
60	1958.26
61	1982.33
62	1949.68
63	1911.71
64	1977.08
65	1905.17
66	1950.13
67	1913.62
68	1907.85
69	1940.7
70	1908.65
71	1935.69
72	1929
73	1938.59
74	1952.78
75	1932.55
76	1890.61
77	1949.53
78	1952.75
79	1939.95
80	1953.99
81	1973.86
82	1962.66
83	1953.33
84	1941.83
85	1902.91
86	1966.65
87	1917.81
88	1933.88
89	1958.81
90	1951.67
91	1926.09
92	1905.12
93	1964.88
94	1983.17
95	1929.05
96	1951.36
97	1961.96
98	1948.91
99	1917.45
100	1930.47
101	1925.78
102	1955.51
103	1934.96
104	1891.15
105	1945.21
106	1977.38
107	1925.77
108	1960.17
109	1922.5
110	1953.84
111	1945.12
112	1992.01
113	1934.64
114	1921.2
115	1916.78
116	1949.99
117	1910.71
118	1920.96
119	1953.05
120	1941.69
121	2001.86
122	1975.03
123	1974.74
124	1911.19
125	1981.83
126	1953.27
127	1981.56
128	1976.69
129	1964.6
130	1935.73
131	1952.4
132	1932.04
133	1972.5
134	1935.56
135	1919.38
136	1950.33
137	1983.86
138	1953
139	1957.23
140	1964.01
141	1948.06
142	1909.31
143	1973.26
144	1968.1
145	1920.04
146	1960.22
147	1871.76
148	1919.97
149	1883.2
150	1928.38
151	1966.04
152	1945.96
153	1922.23
154	1879.23
155	1956.98
156	1865.06
157	1902.24
158	1907.21
159	1967.68
160	1916.57
161	1967.79
162	1925.44
163	1947.19
164	1937.1
165	1971.97
166	1937.7
167	1918.74
168	1944.55
169	1964.21
170	1976.92
171	1963.24
172	1962.23
173	1950.32
174	1966.55
175	1906.94
176	1904.51
177	1971.39
178	1921.65
179	1954.92
180	1956.93
181	1922.32
182	1989.23
183	1902.94
184	1920.95
185	1953.67
186	1983.21
187	1928.99
188	1946.32
189	1927.86
190	1927.99
191	1934.59
192	1970.21
193	1938.88
194	1963.18
195	1900.83
196	1980.84
197	1960.65
198	1943.03
199	1950.58
200	1964.29
201	1941.67
202	1946.25
203	1942.4
204	1961.59
205	1986.34
206	1895.39
207	1993.06
208	1918.35
209	1911.76
210	1952.79
211	1962.97
212	1996.5
213	1936.5
214	1968.84
215	1912.82
216	1967.1
217	1913.12
218	1930.31
219	1916.58
220	1926.88
221	1914.43
222	1936.24
223	1969.58
224	1892.18
225	1959.66
226	2003.34
227	1906.89
228	1968.91
229	1952.67
230	1969.97
231	1939.58
232	1944.97
233	1976.64
234	1901.72
235	1947.9
236	1924.22
237	1897.87
238	1933.88
239	1905.37
240	1947.32
241	1981.51
242	1922.22
243	1974.79
244	1919.3
245	1917.66
246	1983.88
247	1922.18
248	1966.11
249	1897.84
250	1932.55
251	1936.22
252	1948.56
253	1925.31
254	1949.97
255	1950.89
256	1956.72
257	1879.6
258	1920.75
259	1927.53
260	1950.29
261	1961.58
262	1951.04
263	1899.94
264	1903.89
265	1939.67
266	1939.74
267	1904.07
268	1937.08
269	1994.25
270	1975.64
271	1968.06
272	1935.11
273	1963.37
274	1921.51
275	1944.2
276	1951.99
277	1975.48
278	1965.14
279	1932.2
280	1920.23
281	1931.34
282	1956.1
283	1921.85
284	1998.15
285	1956.53
286	1923.34
287	1952.66
288	1952.39
289	1987.26
290	1940.25
291	1966.48
292	1879.01
293	1914.96
294	1967.58
295	1937.67
296	1924.49
297	1947.52
298	1917.28
299	1968.48
300	2012.6
301	1991.36
302	1950.7
303	1982.14
304	1941.81
305	1928.43
306	1925.77
307	1962.95
308	1967.17
309	1924.64
310	1926.85
311	1928.27
312	1918.65
313	1958.98
314	1923.56
315	1913.32
316	1963.19
317	1927.43
318	1930.99
319	1934.02
320	1910.15
321	1939.36
322	1912
323	1992.95
324	1901.93
325	1908.81
326	1925.6
327	1953.34
328	1949.18
329	1933.75
330	1894.95
331	1981.14
332	1932.19
333	1970.17
334	1911.47
335	1973.1
336	2011.21
337	1960.17
338	1911.19
339	1940.34
340	1983.43
341	1891.52
342	1956.25
343	1899.35
344	1936.95
345	1974.05
346	1954.48
347	1947.41
348	1912.8
349	1909.72
350	1953.27
351	1913.62
352	1985.87
353	1931.67
354	2001.96
355	1906.85
356	1931.05
357	1993.07
358	1958.09
359	1915.88
360	1930.75
361	1928.98
362	1954.39
363	1974.49
364	1935.51
365	1939.51
366	1963.97
367	1980.41
368	1977.23
369	1932.26
370	1970.17
371	1956.59
372	1954.99
373	1904.92
374	1943.37
375	1895.22
376	1925.4
377	1944.06
378	1932.88
379	1907.05
380	1992.71
381	1947.54
382	1919.44
383	1876.99
384	1938.39
385	1994.5
386	1895.78
387	1909.92
388	1947.88
389	1968.13
390	1968.1
391	1954.42
392	1939.89
393	1940.58
394	1964.33
395	1938.86
396	1983.23
397	1918.62
398	1948.88
399	1952.19
400	1956.4
401	1957.13
402	1966.86
403	1962.05
404	1922.15
405	1942.06
406	1962.06
407	1980.14
408	1979.55
409	1940.07
410	1951.23
411	1921.95
412	1905.4
413	1920.33
414	1966.49
415	1946.14
416	1975.51
417	1930.45
418	1977.72
419	1907.28
420	1895.97
421	1965.55
422	1955.99
423	1909.84
424	1947.87
425	1944.17
426	1907.49
427	1911.53
428	1902.95
429	1963.85
430	1898.4
431	1977.48
432	1941.74
433	1919.21
434	1936.61
435	1933.6
436	1955.84
437	1942.65
438	1936.21
439	1980.1
440	1916.38
441	1956.68
442	1948.06
443	1896.06
444	1900.22
445	1913.21
446	1969.64
447	1953.46
448	1887.45
449	1992.52
450	1931.61
451	1966.33
452	1930.96
453	1939.75
454	1961.67
455	1919.46
456	1944.81
457	1942.41
458	1965.75
459	1927.99
460	1938.13
461	1979.36
462	1986.96
463	1969.92
464	1908.04
465	2007.82
466	1914.91
467	1957.49
468	1905.84
469	1963.6
470	1931.38
471	1988.22
472	1946.57
473	1952.64
474	1933.45
475	1952.03
476	1906.56
477	1908.2
478	1877.46
479	1962.28
480	1909.42
481	1965.24
482	1947.96
483	1980.28
484	1960.86
485	1961.91
486	1925.85
487	1972.54
488	1933.71
489	1968.47
490	1939.95
491	1935.74
492	1954.81
493	1943.26
494	2015.8
495	1947.15
496	1955.7
497	1926.98
498	1962
499	1932.6
500	1928.7
501	1959.61
502	1970.12
503	1931.58
504	1919.83
505	1927.66
506	1922.39
507	1915.88
508	1940.42
509	1915.67
510	1850.47
511	1911.06
512	1943.62
513	1941.16
514	1937.9
515	1936.77
516	1961.08
517	1949.36
518	1936.08
519	1919.19
520	2003.08
521	2018.68
522	1953.39
523	1989.09
524	1944.66
525	1880.35
526	1956.03
527	1903.07
528	1974.19
529	1959.19
530	1933.18
531	1891.58
532	1944.33
533	1930.12
534	1925.8
535	1949.51
536	1974.97
537	1944
538	1990.26
539	1933.63
540	1947.3
541	1895.73
542	1946.08
543	1964.04
544	1943.98
545	1973.49
546	1930.98
547	1975.3
548	1976.78
549	1936.1
550	1951.74
551	1905.03
552	1934.47
553	1944.25
554	1924.88
555	1968.96
556	1921.84
557	1949.52
558	1979.67
559	1948.49
560	1909.46
561	1908.79
562	1900.5
563	1910.62
564	1952.23
565	1948.95
566	1935.97
567	1941.96
568	1961.74
569	1891.95
570	1937.41
571	1919.74
572	1970.57
573	1960.34
574	1959.36
575	1962.18
576	1971.81
577	1924.77
578	1948.68
579	1906.1
580	1982.89
581	1968.48
582	1960.95
583	1951.32
584	1957.81
585	1932.53
586	1956.8
587	1957.59
588	1928.76
589	1905.12
590	1922.79
591	1934.2
592	1935.07
593	1948.42
594	1931.32
595	1970.24
596	1939.77
597	1932.35
598	1881.44
599	1962.01
600	1910.9
601	1976.49
602	1890.25
603	1921.61
604	1928.92
605	1946.39
606	1986.2
607	1891.45
608	1920.91
609	2000.22
610	1933.5
611	1928.09
612	1929.5
613	1971.11
614	1947.28
615	1903.83
616	1952.21
617	1896
618	1916.6
619	1929.26
620	1950.74
621	1919.8
622	1951.59
623	1954.9
624	1937.16
625	2008.02
626	1956.58
627	1929.45
628	1936.03
629	1920.38
630	1911.73
631	1969.99
632	1960.98
633	1961.52
634	1975.61
635	1962.58
636	1925.94
637	1932.16
638	1961.88
639	1958.63
640	1959.82
641	1920.59
642	1934.22
643	1898.01
644	1958.14
645	2009.19
646	1933.21
647	1940.14
648	1955.68
649	1920.29
650	1971.09
651	1926.61
652	1875.75
653	1984.65
654	1919.79
655	1914.59
656	1989.72
657	1983.22
658	1971.18
659	1917.98
660	1948.68
661	1925.35
662	1999.63
663	1958.05
664	1958.83
665	1922.51
666	1995.75
667	1930.8
668	1934.71
669	1988.58
670	1967.48
671	1953.28
672	1947.37
673	1959.13
674	1917.99
675	1929.89
676	1985.57
677	1964.46
678	1906.53
679	1944.09
680	1957.25
681	1900.83
682	1893.07
683	1930.3
684	1897.09
685	1925.76
686	1932.64
687	1876.47
688	1933.28
689	1855.43
690	1981.52
691	1951.42
692	1919.91
693	1961.67
694	1918.47
695	1947.71
696	1946.51
697	1942.77
698	1971.4
699	1943.21
700	1945.55
701	1921.95
702	1912.73
703	1889.82
704	1982.44
705	1976.9
706	1903.78
707	1993.95
708	1965.55
709	1948.24
710	1934.73
711	1914.63
712	1965.62
713	1976.73
714	1940.34
715	1929.77
716	1957.05
717	1943.32
718	1970.86
719	1924.31
720	1949.99
721	1915.19
722	1886.46
723	1953.15
724	1968.48
725	1927.44
726	1955.23
727	1951.07
728	1928.42
729	1922.18
730	1925.61
731	1948.2
732	1907.75
733	1961.94
734	1983.7
735	1938.89
736	1932.51
737	1917.67
738	1910.95
739	1943.09
740	1936.81
741	1930.02
742	1941.29
743	1929.48
744	1953.38
745	1953.08
746	1899.79
747	1955.05
748	1975.46
749	1877.37
750	1974.21
751	1952.66
752	1988.94
753	2011.98
754	1949.12
755	1928.52
756	1910.66
757	1902.63
758	1889.11
759	1953.26
760	1889.64
761	1980.01
762	1973.74
763	1941.67
764	1972.72
765	1941.46
766	1909.76
767	1963.74
768	1992.58
769	1941.57
770	1970.11
771	1897.82
772	1932.39
773	1895.92
774	1975.77
775	1905.54
776	1960.61
777	1945.18
778	1960.64
779	1937.03
780	1981.44
781	1924.69
782	1917.62
783	1902.83
784	1926.57
785	1979.19
786	1929.32
787	1985.69
788	1900.35
789	1916.57
790	1907.74
791	1930.22
792	1943.1
793	1967.08
794	1963.49
795	1913.28
796	1951.35
797	1924.99
798	1952.29
799	2013.48
800	1916.19
801	1942.82
802	1955.62
803	1921.09
804	1989.23
805	1914.74
806	1979.58
807	1930.47
808	1938.93
809	1927.24
810	1951.99
811	1918.22
812	1964.24
813	1961.12
814	1963.55
815	1937.76
816	1938.74
817	1925.52
818	1912.54
819	1939.68
820	1913.45
821	1939.61
822	1936.99
823	1929.27
824	1924.05
825	1932.77
826	1885.64
827	1916.47
828	1899.06
829	1928.62
830	1919.35
831	1899.5
832	1936.85
833	1902.4
834	1929.73
835	1941.71
836	1913.07
837	1911.54
838	1924.38
839	1925.52
840	1935.45
841	1919.2
842	1902.99
843	1950.88
844	1999.53
845	1971.67
846	1945.7
847	1920.21
848	1947.67
849	1966.91
850	1953.66
851	1963.69
852	1940.65
853	1898
854	1908.23
855	1986.14
856	1947.61
857	2018.53
858	1930.5
859	1932.81
860	1921.32
861	1925.18
862	1889.42
863	1961.29
864	1873.31
865	1875.05
866	1923.4
867	1951.83
868	1919.75
869	1893.21
870	1937.21
871	1935.96
872	1929.76
873	1938.43
874	1965.56
875	1962.55
876	1913.41
877	1941.77
878	1966.63
879	1944.94
880	1980.05
881	1931.3
882	1981.65
883	1956.62
884	1956.33
885	1905.61
886	1929.83
887	1973.76
888	1983.07
889	1920.67
890	1933.34
891	1938.91
892	1937.87
893	1938.55
894	1939.75
895	1917.19
896	1958.24
897	1902.69
898	1956.71
899	1956.11
900	1956.56
901	1973.38
902	1929.56
903	1970.67
904	1993.52
905	1937.69
906	1960.57
907	1906.68
908	1921.44
909	1910.61
910	1909.69
911	1960.45
912	1991.41
913	1957.28
914	1960.99
915	1947.73
916	1973.4
917	1881.63
918	1909.66
919	1914.56
920	1948.73
921	1917.74
922	1917.04
923	1936.05
924	1927.17
925	1869.99
926	1864.3
927	1966.41
928	1924.03
929	1948.37
930	2007.35
931	1931.7
932	1910.91
933	1930.28
934	1956.86
935	1952.31
936	1900.34
937	1991.88
938	1871.41
939	1922.92
940	1921.63
941	1879.27
942	1916.96
943	1920.03
944	1919.43
945	1907.12
946	1924.84
947	1960.84
948	1954.71
949	1934.54
950	1938.71
951	1901.23
952	1946.85
953	1922.33
954	1923.01
955	1972.61
956	1882.51
957	1943.99
958	1933.81
959	1901.75
960	1910.94
961	1966.76
962	1942.12
963	1892.85
964	1934.23
965	1917.41
966	1927
967	1916.15
968	1968.71
969	1962.99
970	1887.79
971	1914.9
972	1922.09
973	1965.01
974	1940.98
975	1939.08
976	1965.28
977	1942.79
978	1936.82
979	1942.3
980	1950.76
981	1974.26
982	1958.76
983	1930.25
984	1927.52
985	2017.72
986	1892.88
987	1949.93
988	1948.41
989	1938.22
990	1945.8
991	1961.85
992	1939.72
993	1963.28
994	1940.98
995	1937.1
996	1948.15
997	1950.38
998	1928.58
999	1978.47
1000	1950.57
1001	1937.14
1002	1917.95
