Frame	Volume
1	2169.65
2	2033.45
3	2096.26
4	2040.01
5	1969.5
6	2063.14
7	2056.82
8	2021.19
9	2083.79
10	2063.53
11	2140.52
12	2077.18
13	2062.81
14	2089.7
15	2009.77
16	2060.69
17	2076.29
18	2026.67
19	2085.29
20	2059.85
21	2061.9
22	2111.05
23	2041.57
24	2143.65
25	2170.62
26	2163.02
27	2128.5
28	2057.85
29	2069.28
30	2055.23
31	2085.08
32	2197.26
33	2105.96
34	2058.61
35	2044.05
36	2064.99
37	2102.57
38	2089.96
39	2053.62
40	2163.16
41	2088.11
42	2079.75
43	2079.36
44	2119.99
45	2120.97
46	2005.04
47	2117.49
48	2040.35
49	2119.88
50	2093.64
51	2067.94
52	2041.27
53	2132.28
54	2088.81
55	2062.92
56	2065.68
57	2016.17
58	2018.57
59	1993.15
60	1983.63
61	2083.99
62	2114.87
63	2098.87
64	2048.44
65	2063.6
66	2024.62
67	2079.29
68	2042.89
69	2038.51
70	2115.57
71	2119.26
72	1997.22
73	2030.67
74	2088.36
75	2054.36
76	2039.07
77	2125.62
78	2154.96
79	2042.54
80	2065.52
81	2076.73
82	2050.89
83	2079.54
84	2057.87
85	2044.14
86	2067.33
87	2073.31
88	2085.12
89	2099.4
90	2085.2
91	2057.79
92	2022.84
93	2058.09
94	2012.69
95	2030.89
96	2077.09
97	2061.6
98	2050.26
99	2107.58
100	2078.3
101	2105.4
102	2052.68
103	2051.76
104	2067.79
105	2045.54
106	2141.41
107	2073.02
108	2091.59
109	2076.57
110	2032.07
111	2092.63
112	2021.4
113	2058.3
114	2166.31
115	2121.73
116	2053.04
117	2089.95
118	2054.79
119	2041.9
120	2042.04
121	2034.25
122	2044.06
123	2086.96
124	2034.36
125	2046.63
126	2090.98
127	2086.95
128	2094.62
129	2099.94
130	2127.7
131	2120.95
132	2099.52
133	2036.25
134	2112.2
135	2069.87
136	2073.1
137	2088.13
138	2009.26
139	2107.72
140	2048.47
141	2018.71
142	2060.69
143	2093.02
144	1985.12
145	2103.25
146	2196.05
147	2106.43
148	2069.55
149	2088.28
150	2063.54
151	2055.71
152	2029.85
153	2009.42
154	2096.16
155	2075.5
156	2035.25
157	2073.1
158	1992.97
159	2089.26
160	2084.27
161	2031.79
162	2096.02
163	2063.62
164	2004.99
165	2175.48
166	2116.85
167	2075.83
168	2014.85
169	2062.03
170	2169.87
171	2047.82
172	2133.43
173	2019.11
174	2119.88
175	2016.2
176	2025.08
177	2061.85
178	2060.34
179	2058.49
180	2084.41
181	2112.69
182	2075.97
183	2087.11
184	2064.46
185	2172.45
186	2030.83
187	2017.64
188	2025.81
189	2129.38
190	2082.91
191	2009.04
192	2116.5
193	2124.69
194	2076.48
195	2069.54
196	2166.39
197	2120.33
198	2092.9
199	2061.64
200	2108.31
201	2084.77
202	2001.13
203	2134.36
204	2025.82
205	2016.02
206	2042.2
207	2043.95
208	2077.91
209	2004.55
210	2086.28
211	2069.98
212	1998.93
213	2018.39
214	2081.83
215	2155.29
216	2033.2
217	2047.69
218	2092.68
219	2067.31
220	2010.14
221	2111.35
222	2180.42
223	2098.04
224	2040.62
225	2138.3
226	2068.29
227	2036.09
228	2083.47
229	2058.77
230	2053.22
231	1997.2
232	2059.61
233	2085.48
234	2058.71
235	2163.84
236	2124.38
237	2049.46
238	2137.36
239	2040.96
240	2032.83
241	2046.06
242	1983.71
243	2066.94
244	2038.72
245	2075.37
246	2096.24
247	2105.56
248	2079.61
249	2064.53
250	2148.96
251	2067.38
252	2073.53
253	2014.77
254	2067.87
255	2031.22
256	2094.4
257	2028.44
258	2092.09
259	2043.56
260	2099.11
261	2061.79
262	2061.59
263	2071.12
264	2082.91
265	2137.61
266	2188.05
267	2096.63
268	2023.89
269	2033.79
270	2084.25
271	2060.94
272	1997.26
273	2049.18
274	2007.9
275	2122.12
276	2135.91
277	2038.73
278	2080.45
279	2055.06
280	2032.63
281	2016.62
282	2035.74
283	2067.19
284	2029.86
285	2040.55
286	2084.72
287	2103.16
288	2103.74
289	2172.03
290	2088.3
291	2031.54
292	2037.99
293	2080.22
294	2091.13
295	2026.28
296	2054.4
297	2015.58
298	1996.35
299	2057.09
300	2042.78
301	2031.43
302	2104
303	2076.75
304	2082.9
305	2041.98
306	2063.27
307	2079.75
308	2110.26
309	2041.49
310	2083.48
311	2080.14
312	2055.89
313	2056.45
314	2010.67
315	2022.9
316	2033.8
317	2088.22
318	2104.49
319	2128.98
320	2071.84
321	2088.29
322	2065.5
323	2045.04
324	2062.54
325	2079.8
326	2015.68
327	2126.62
328	2068.76
329	2058.5
330	2134.03
331	2105.07
332	2087.33
333	2081.43
334	2063.18
335	2071.92
336	2031.92
337	2114.91
338	2050.82
339	2048.36
340	2091.78
341	2015.34
342	2061.38
343	2041.92
344	2078.31
345	2086.87
346	2104.85
347	2100.9
348	2082.95
349	2089.78
350	2081.23
351	2030.47
352	2087.59
353	2051.01
354	2092.57
355	2040.56
356	2039.81
357	2067.38
358	2059.93
359	2082.27
360	2075.97
361	2033.49
362	2103.51
363	2088.93
364	2044.96
365	2079.3
366	2067.42
367	2064.06
368	2050.69
369	2073.5
370	2097.24
371	2030.72
372	2139.61
373	2021.01
374	2107.39
375	2103.34
376	2098.37
377	2075.41
378	2016.22
379	2087.94
380	2063.87
381	2032.76
382	2009.09
383	1992.76
384	2140.55
385	2084.98
386	2124.61
387	2104.12
388	2082.3
389	2158
390	2042.83
391	2070.05
392	2058.63
393	2107.66
394	2050.64
395	2082.79
396	2058.34
397	2198.35
398	2138.28
399	2016.46
400	2130.68
401	2061.64
402	2045.15
403	2068.16
404	2080.05
405	2045.68
406	2073.46
407	2039.76
408	2056.91
409	2063.46
410	2043.16
411	2070.31
412	2111.01
413	2010.77
414	2121.48
415	2054.5
416	2061.79
417	2086.19
418	2004.66
419	2093.17
420	2079.96
421	2094.79
422	2088.71
423	2042.24
424	2059.17
425	2058.03
426	2035.92
427	2066.49
428	2127.69
429	2106.72
430	2112.96
431	2008.26
432	2040.32
433	2113.71
434	2018.58
435	2075.36
436	2058.08
437	2014.12
438	2075.51
439	2032
440	2092.53
441	2155.63
442	2040.24
443	2174.71
444	2076.32
445	2140.25
446	2059.22
447	2066.78
448	2024.67
449	2106.81
450	2084.27
451	2104.81
452	2078.6
453	2145.94
454	2040.73
455	2034.95
456	2118.7
457	2107.34
458	2053.02
459	2035.13
460	2109.57
461	2086.94
462	2077.4
463	2155.48
464	2145.25
465	2070.2
466	2092.72
467	2057.93
468	2108.22
469	2014.48
470	2056.04
471	2093.47
472	2013.01
473	2068.59
474	2090.76
475	2081.55
476	2050.13
477	2025.94
478	2055.98
479	2091.14
480	2047.59
481	2076.26
482	2070.48
483	2048.07
484	2057.45
485	2103.08
486	2074.24
487	2112.46
488	2043.64
489	2016.44
490	2044.41
491	2150.03
492	2056.61
493	2055.63
494	2039.36
495	2064.63
496	1975.37
497	2106.6
498	2043.94
499	2059.3
500	2052.37
501	2036.8
502	2105.4
503	2078.42
504	2049.35
505	2004.86
506	2069.26
507	1993.23
508	2044.16
509	2070.85
510	2058.65
511	2104.39
512	2116.78
513	2100.44
514	2035.83
515	2061.59
516	2101.9
517	2035.02
518	2033.94
519	2071.03
520	2044.49
521	2079.7
522	2115.17
523	2077.93
524	2085.84
525	2098.28
526	2083.88
527	2039.08
528	2116.4
529	1993.44
530	2018.04
531	2107.62
532	2061.81
533	2122.63
534	2117.04
535	2046.12
536	2147.16
537	2015.69
538	2122.51
539	2075.19
540	2062.62
541	2073.67
542	2045.47
543	2116.84
544	2095.38
545	2068.17
546	1988.8
547	1972.86
548	2105.25
549	2056.95
550	2055.64
551	2120.37
552	2082.51
553	2059.22
554	2044.57
555	2034.5
556	2020.06
557	2069.92
558	2036.8
559	2070.92
560	2054.08
561	2109.48
562	2133.27
563	2083.5
564	2081.57
565	2074.73
566	2046.67
567	2072.59
568	2094.07
569	1999.76
570	2093.17
571	2021.21
572	2092.49
573	2005.09
574	2120.96
575	2048.44
576	2127.41
577	2058.94
578	2092.53
579	2149.67
580	2086.95
581	2075.1
582	2048.02
583	2196.15
584	2069.46
585	2159.88
586	2083.44
587	2084.39
588	2099.18
589	2104.54
590	2020.82
591	2140.64
592	1993.65
593	2059.48
594	2054.45
595	2043.07
596	1991.14
597	2045.89
598	2130.23
599	2089.83
600	2080.75
601	2064.73
602	2082.14
603	2095.72
604	2058.62
605	2008.11
606	2122.89
607	2114.34
608	2045.71
609	2090.83
610	2089.16
611	2154.37
612	2040.81
613	2185.37
614	2060.79
615	2062.33
616	2105.81
617	1997.56
618	2051.52
619	2070.99
620	2097.96
621	2003.3
622	2030.2
623	2075.06
624	2091.8
625	2097.18
626	2084.65
627	2021.31
628	2061.2
629	2000.69
630	2061.31
631	2131.9
632	2064.79
633	2038.61
634	2067.64
635	2076.11
636	2058.47
637	2032
638	2078.42
639	2087.9
640	2058.79
641	2063.25
642	2074.63
643	2099.44
644	2038.24
645	2127.56
646	2058.98
647	2135.26
648	2126.3
649	2042.55
650	2111.36
651	2137.07
652	1983.63
653	2154.68
654	2073.16
655	2111.27
656	2040.84
657	2063.68
658	2067.86
659	2119.43
660	2044.38
661	2095.77
662	2133.67
663	2059.14
664	2041.19
665	2024.37
666	2127.01
667	2040.15
668	2077.21
669	2087.74
670	2165.88
671	2162.99
672	2060.95
673	2077.67
674	2184.9
675	2082.21
676	2131.47
677	2049.12
678	2080.95
679	2090.14
680	2057.55
681	2133.34
682	2055.4
683	2039.28
684	2012.93
685	1996.74
686	2007.89
687	2167.1
688	2052.98
689	2071.52
690	2141.64
691	2051.13
692	2061.52
693	2078.15
694	2072.88
695	2122.08
696	2067.91
697	2044.28
698	2081.23
699	2077.66
700	2012.41
701	2095.2
702	2085.18
703	2082.39
704	2005.96
705	2000.9
706	2065.16
707	2091.16
708	2040.68
709	2018.56
710	2018.89
711	2183.67
712	2028.32
713	2070.07
714	2028.99
715	2106.77
716	2090.78
717	2058.43
718	2070.86
719	2057.73
720	2048.35
721	2070.75
722	2066.33
723	2050.55
724	2079.28
725	2090.33
726	2085.41
727	2068.54
728	2070.13
729	2062.38
730	2037.83
731	2100.43
732	2042.76
733	2054.33
734	2046.19
735	2082.02
736	2060.43
737	2073.35
738	2135.36
739	2182.55
740	2179.85
741	2130.24
742	2078.96
743	2080.11
744	2048.79
745	2059.08
746	2128.18
747	2071.89
748	2042.85
749	2068.64
750	2230.26
751	2006.22
752	2047.54
753	2075.01
754	2091.33
755	2088.29
756	2072.87
757	2144.44
758	2066.72
759	2054.9
760	2124.41
761	2175.23
762	1971.05
763	2074.21
764	2003.77
765	2080.19
766	2021.18
767	2090.86
768	2110
769	2136.44
770	2068.76
771	2055.03
772	2194.77
773	2097.3
774	2060.59
775	2093.21
776	2109.59
777	2049.62
778	2022.19
779	2124.47
780	2033.6
781	2070.03
782	2007.74
783	2020.88
784	2073.45
785	2173.36
786	2006.91
787	2127.38
788	2045.63
789	2083.55
790	2075.03
791	2078.36
792	2072.06
793	2051.3
794	2058.09
795	2017.06
796	2030.34
797	2047.89
798	2092.63
799	2077.55
800	2050.45
801	2042.15
802	2075.24
803	1983.86
804	2044.27
805	2171.37
806	2016.87
807	2042.13
808	2086.01
809	2036.34
810	2052.05
811	2088.27
812	2050.34
813	1992.41
814	2062.72
815	2164.88
816	2026.87
817	2037.03
818	2075.42
819	2023
820	2123.32
821	2055.69
822	2051.94
823	2067.63
824	2203.71
825	2053.79
826	2028.16
827	2050.73
828	2116.6
829	2023.88
830	2159.55
831	2040.28
832	2102.71
833	2064.52
834	2049.98
835	2024.1
836	2039.87
837	2058.88
838	2050.38
839	2153.33
840	2120.56
841	2118.52
842	2021.07
843	2063.7
844	2048.12
845	2045.08
846	2077.04
847	2027.76
848	2103.53
849	2109.55
850	2090.18
851	2047.1
852	2069.18
853	2075.34
854	2170.72
855	2016.38
856	2091.6
857	2038.72
858	2086.9
859	2064.24
860	1989.29
861	2065.86
862	2080.73
863	2041.52
864	2138.14
865	2111.82
866	2078.17
867	2071.73
868	2120.71
869	2111.58
870	2093.24
871	2037.6
872	2096.09
873	2052.17
874	2116.68
875	2018.99
876	2027.98
877	2052
878	2109.85
879	1999.04
880	2087.89
881	2168.18
882	2096.5
883	2047.11
884	2039.18
885	2010.2
886	2073.01
887	2124.09
888	2069.07
889	2163.65
890	2078.62
891	2046.89
892	2072.98
893	2147.53
894	2125.18
895	2033.16
896	2101.75
897	2084.79
898	2136.8
899	2172.92
900	2041.7
901	2044.16
902	2042.6
903	2050.13
904	2024.85
905	2024.65
906	2042.11
907	2071.99
908	2154.59
909	2101.91
910	2124.76
911	2095.78
912	2066.65
913	2120.04
914	2063.3
915	2054.7
916	2103.51
917	2122
918	2075.01
919	2094.33
920	2039.86
921	2013.47
922	2113.95
923	2063.27
924	2082.07
925	2051.56
926	1996.67
927	2056.69
928	2090.29
929	2018.34
930	2094.92
931	2082.06
932	2061.14
933	2116.02
934	2035.14
935	2025.97
936	2057.72
937	2030.96
938	2074.41
939	2040.12
940	2071.57
941	2078.04
942	2112.33
943	2043.4
944	2106.45
945	2080.49
946	2062.88
947	2100.86
948	2030.38
949	2028.97
950	2066.25
951	2076.93
952	2103
953	2137.35
954	2095.73
955	2084.86
956	2074.13
957	2101.32
958	2069.85
959	2045.43
960	2057.63
961	2086.21
962	2042.49
963	2034.43
964	2105.24
965	2031.23
966	2031.36
967	2118.26
968	2115.16
969	2113
970	2058.11
971	2140.39
972	2016.84
973	2107.84
974	2067.2
975	2028.98
976	2036.11
977	2143.33
978	2086.55
979	2040.8
980	2167.64
981	2021.79
982	2058.44
983	2073.78
984	2030.87
985	2052.27
986	1975.42
987	2066.22
988	2079.25
989	2126.2
990	2017.17
991	2120.62
992	2055.47
993	2105.27
994	1999.59
995	2117.35
996	2186.33
997	2042.44
998	2141.51
999	2116.1
1000	2045.79
1001	2133.86
1002	2030.6
