Frame	Volume
1	3119.08
2	3043.42
3	3116.99
4	3063.81
5	3062.87
6	3007.26
7	3160.38
8	3106.14
9	3081.85
10	3084.32
11	3182.89
12	3101.05
13	3131.62
14	3085.69
15	3037.94
16	3092.19
17	3137.57
18	3101.94
19	3110.98
20	3056.14
21	3094.73
22	3050.58
23	3047.94
24	3198.51
25	3098.58
26	3122.98
27	3178.97
28	3122.44
29	3116.37
30	3144.25
31	3106.31
32	3054.42
33	3115.97
34	3089.14
35	3078.42
36	3030.51
37	3037.66
38	3114.99
39	3095.29
40	3153.03
41	3116.55
42	3120.18
43	3069.35
44	3125.54
45	3103.42
46	2947.84
47	3063.16
48	3124.11
49	3089.46
50	3094.85
51	3176.87
52	3063.44
53	3038.36
54	3140.89
55	3057.02
56	3102.55
57	3041.22
58	3076.55
59	3098.56
60	3037.02
61	3103.55
62	3152.04
63	3131.91
64	3050.08
65	3158.48
66	3160.17
67	3091.99
68	3077.53
69	3080.01
70	3143.58
71	3063.89
72	3117.91
73	3101.03
74	3196.36
75	3045.51
76	3132.29
77	3116.65
78	3132.24
79	3060.77
80	3005.31
81	3065.46
82	3100.31
83	3049.45
84	3132.01
85	3058.99
86	3152.29
87	3118.62
88	3047.57
89	3059.23
90	3092.1
91	3020.51
92	3016.74
93	3099.73
94	3062.2
95	3125.97
96	3077.98
97	3103.93
98	3145.45
99	3124.6
100	3098.42
101	3105.24
102	3127.7
103	3055.54
104	3046.18
105	3060.29
106	3089.01
107	3099.48
108	3168.47
109	3076.89
110	3064.08
111	3090.76
112	3071.07
113	3100.88
114	3052.35
115	3041.13
116	3076.08
117	3172.52
118	3040.05
119	3080.08
120	3094.39
121	3033.81
122	3098.25
123	3064.54
124	3143.27
125	3158.54
126	3109.97
127	3108.77
128	3086.18
129	3076.15
130	3076.34
131	3133.64
132	3069.13
133	2963.67
134	3097.94
135	3062.22
136	3127.96
137	3074.33
138	3080.28
139	3163.61
140	3037.6
141	3058.3
142	3121.14
143	3144.28
144	3059.64
145	3089.2
146	3088.8
147	3081.19
148	3140.54
149	3152.92
150	3073.53
151	3063.96
152	3058.7
153	3007
154	3123.31
155	3198.81
156	3014.43
157	3058.31
158	2999.77
159	3138.44
160	3131.45
161	3025.57
162	3106.48
163	3146.13
164	3042.48
165	3122.91
166	3102.82
167	3101.61
168	3014
169	3040.19
170	3183.54
171	3114.29
172	3138.11
173	3030.36
174	3162.45
175	3029.83
176	2991.03
177	3095.67
178	3080.46
179	3091.25
180	3132.74
181	3148.79
182	3086.63
183	3167.37
184	3144.92
185	3047.88
186	3149.62
187	3086.21
188	3123.77
189	3038.04
190	3016.82
191	3072.49
192	3136.57
193	3165.32
194	3065.45
195	3105.02
196	3125.73
197	3117.81
198	3151.33
199	3084.63
200	3025.08
201	3066.32
202	3052.45
203	3094.76
204	3081.34
205	3030.4
206	3091.84
207	3076.56
208	3082.48
209	3061.37
210	3078.5
211	3079.28
212	3042.57
213	3047.12
214	3038.78
215	3112.68
216	3058.62
217	3178.05
218	3070.63
219	3036.1
220	3130.49
221	3090.12
222	3182.04
223	3080.35
224	3093.59
225	3088.81
226	3146.45
227	3099.43
228	3094.96
229	3157.37
230	3123.55
231	3067.39
232	3125.49
233	3106.03
234	3087.49
235	3195.48
236	3124.85
237	3040.16
238	3102.56
239	3135.48
240	3119.73
241	3050.43
242	3008.53
243	3026.11
244	3052.06
245	3121.66
246	3149.39
247	3115.1
248	3066.7
249	3024.01
250	3069.07
251	3117.33
252	3070.06
253	3087.48
254	3054.93
255	3110.79
256	3035.83
257	3053.3
258	3142.06
259	3159.81
260	3163.92
261	3110.32
262	3127.11
263	3086.08
264	3149.6
265	3071.1
266	3037.61
267	3122.01
268	3106.35
269	3057.11
270	3122.61
271	3091.86
272	3061.66
273	3115.17
274	3016.64
275	3093.26
276	3134.8
277	3024.07
278	3112.07
279	3093.67
280	3070.8
281	3096.93
282	3142.21
283	3085.66
284	3040.51
285	3098.37
286	3127.91
287	3019.18
288	3096.17
289	3149.01
290	3122.98
291	3133.75
292	3037.93
293	3091.44
294	3129.01
295	2999
296	3035.89
297	3041.73
298	3064.53
299	3132.52
300	3122.65
301	3038.57
302	3071.21
303	3094.76
304	3090.05
305	3091.49
306	3132.72
307	3090.2
308	3036
309	3048.19
310	3044.94
311	3169.57
312	3106.9
313	3035.14
314	3114.87
315	3028.67
316	3119.75
317	3098.69
318	3128.5
319	3160.83
320	3069.74
321	3143.61
322	3097.23
323	3026.89
324	3086.64
325	3160.44
326	3148.74
327	3152.44
328	3149.22
329	3160.1
330	3197.97
331	3124.07
332	3109.58
333	3086.74
334	3137.77
335	3087.85
336	3097.06
337	3124.52
338	3119.87
339	3060.69
340	3075.34
341	3046.21
342	3094.72
343	3053.63
344	3133.41
345	3115.89
346	3146.6
347	3041.07
348	3090.19
349	3128.56
350	3103.6
351	3112.1
352	3100.53
353	3115.34
354	3079.56
355	3072.86
356	3032.15
357	3018.95
358	3097.4
359	3040.51
360	3061.67
361	3045.32
362	3127.65
363	3065.5
364	3030.03
365	3194.03
366	3079.27
367	3167.67
368	3105.07
369	3146
370	3163.97
371	3060.7
372	3136.9
373	3146.99
374	3096.07
375	3148.9
376	3200.52
377	3078.42
378	3102.53
379	3161.69
380	3024.64
381	3093.29
382	3080.68
383	3069.49
384	3099.07
385	3097.4
386	3065.42
387	3148.46
388	3031.78
389	3063.44
390	3059.3
391	3120.3
392	3202.11
393	3123.44
394	3137.86
395	3109.66
396	3060.46
397	3074.08
398	3151.44
399	3084.72
400	3126.34
401	3184.73
402	3079.14
403	3059.9
404	3064.87
405	3054.01
406	3112.39
407	3097.21
408	3143.97
409	3176.84
410	3169.83
411	3111.61
412	3119.9
413	3033.19
414	3076.25
415	3035.07
416	3113.53
417	3070.94
418	3019.93
419	3092.33
420	3109.68
421	3128.21
422	3088.89
423	3045.28
424	3158.43
425	3115.38
426	3093.69
427	3107.28
428	3102.2
429	3171.21
430	3125.88
431	3109.68
432	3060.8
433	3144.63
434	3042.84
435	3059.2
436	3161.15
437	3074.47
438	3099.33
439	3018.66
440	3136.39
441	3126.22
442	3116.74
443	3109.36
444	3113.01
445	3131.48
446	3128.67
447	3057.75
448	3010.59
449	3104.1
450	3083.16
451	3114.5
452	3081.61
453	3085.34
454	3111.22
455	3032.95
456	3206.3
457	3201.21
458	3091.65
459	3086.21
460	3077.2
461	3069.47
462	3090.58
463	3008.36
464	3087.33
465	3104.61
466	3099.65
467	3068.78
468	3126.61
469	3017.32
470	3146.58
471	3097.47
472	3073.07
473	3038.17
474	3168.52
475	3069.8
476	3045.47
477	3103.27
478	3145.97
479	3155.52
480	3118.22
481	3068.86
482	3134.14
483	3068.94
484	3093.85
485	3111.68
486	3069.76
487	3096.58
488	3089.33
489	3055.92
490	3054.59
491	3081.54
492	3066.39
493	3131.43
494	3048.68
495	3045.23
496	3036.21
497	3132.56
498	3119.4
499	3132.28
500	3072.88
501	3084.78
502	3085.93
503	3016.94
504	3129.18
505	3036.6
506	3067.68
507	3100.42
508	3069.42
509	3055.71
510	3017.64
511	3053.66
512	3145.91
513	3076.98
514	3031.72
515	3102.5
516	3137.51
517	3049.91
518	3099.96
519	3108.06
520	3042.52
521	3131.22
522	3111.86
523	3114.15
524	3004.14
525	3145.85
526	3134.98
527	3046.57
528	3063.05
529	3023.43
530	3031.29
531	3103.98
532	3085.15
533	3137.25
534	3063.42
535	2993.11
536	3067.86
537	3098.23
538	3029.35
539	3053.75
540	3157.55
541	3092.3
542	3090.96
543	3102.9
544	3137.06
545	3070.53
546	2982.63
547	3001.01
548	3165.25
549	3097.7
550	3080.25
551	3193.57
552	3186.15
553	3127.6
554	3025.44
555	3124.23
556	3147.27
557	3074.2
558	3091.57
559	3138.49
560	3127.37
561	3129.7
562	3098.78
563	3073.59
564	3054.62
565	3070.27
566	3071.82
567	3049.06
568	3186.5
569	3072.44
570	3081.49
571	3150.69
572	3070.7
573	3003.03
574	3034.78
575	3107.99
576	3193.7
577	3015.82
578	3143.54
579	3147.01
580	3074.73
581	3114.72
582	3057.34
583	3046.61
584	3167.31
585	3068.46
586	3111.78
587	3087.41
588	3101.29
589	3124.14
590	3040.6
591	3199.02
592	3078.32
593	3132.34
594	3043.17
595	3031.56
596	3049.74
597	3108.74
598	3092.12
599	3120.85
600	3222.34
601	3057.29
602	3104.92
603	3122.47
604	3114.78
605	3101.26
606	3128.17
607	3028.49
608	3093.99
609	3137.05
610	3163.21
611	3054.39
612	3055.01
613	3079.43
614	3100.37
615	3083.32
616	3131.09
617	3054.11
618	3144.53
619	3053.9
620	3105.12
621	3093.7
622	3039.33
623	3001.86
624	3040.81
625	3064.15
626	3117.86
627	3085.49
628	3135.48
629	3077.54
630	3074.24
631	3110.39
632	3122.87
633	3102.66
634	3064.58
635	3058.82
636	3118.37
637	3040.94
638	3057.3
639	3109.76
640	3086.45
641	3061.44
642	3118.43
643	3153.26
644	3042.87
645	3098.16
646	3081.08
647	3173.04
648	3163.79
649	3050.63
650	3125.73
651	3101.45
652	3057.9
653	3057.97
654	3110.3
655	3161.39
656	3130.17
657	3163.93
658	3138.26
659	3047.44
660	3033.86
661	3125.98
662	3104.52
663	3020.75
664	3052.77
665	3145.11
666	3167.07
667	3091.8
668	3077.23
669	3136.56
670	3111.31
671	3095.98
672	3091.06
673	3092.64
674	3074.33
675	3065.97
676	3167.55
677	3049.31
678	3108.76
679	3057.61
680	3111.4
681	3059.67
682	3112.88
683	3025.63
684	3054
685	3144.06
686	3064.98
687	3129.54
688	3076.95
689	3119.19
690	3144.62
691	3111.92
692	3130.37
693	3107.63
694	3137.27
695	3122.49
696	3107.23
697	3046.22
698	3038.8
699	3102.94
700	3044.71
701	3143.41
702	3080.76
703	3043.23
704	3095.34
705	2973.12
706	3048.03
707	3092.43
708	3102.77
709	3057.22
710	3096.71
711	3140.37
712	3029.1
713	3099.27
714	3124.33
715	3087.74
716	3152.72
717	3105.84
718	3091.95
719	3055.66
720	3059.61
721	3088.95
722	3056.32
723	3087.17
724	3117.09
725	3153.02
726	3165.7
727	3133.82
728	3123.85
729	3153.29
730	3086.34
731	3099.88
732	3066.2
733	3036.25
734	3106.01
735	3068.48
736	3110.81
737	3068.52
738	3156.63
739	3187.35
740	3174.68
741	3086.37
742	3129.7
743	3108.44
744	3001.41
745	3083.91
746	3050.75
747	3113.5
748	3107.08
749	3034.56
750	3136.5
751	3054.45
752	3059.17
753	3096.03
754	3092.52
755	3147.58
756	3102.54
757	3063.63
758	3056.44
759	3104.96
760	3072.83
761	3135.97
762	3107.23
763	3166.87
764	3046.22
765	3077.79
766	3149.5
767	3110.31
768	3038.7
769	3190.87
770	3114.12
771	3068.82
772	3149.18
773	3069.59
774	3107.43
775	3106.29
776	3082.69
777	3141.68
778	3039.87
779	3012.39
780	3097.5
781	3167.17
782	3108.57
783	3077.91
784	3123.83
785	3149.98
786	3078.05
787	3096.22
788	3087.56
789	3145.55
790	3055.08
791	3107.25
792	3116.32
793	3052.8
794	3142.38
795	3084.28
796	3010.97
797	3152.05
798	3185.47
799	3119.34
800	3034.6
801	3070.39
802	3109.09
803	3054.56
804	3052.55
805	3124.08
806	3153.99
807	3037.41
808	3154.29
809	3061.5
810	3096.78
811	3060.56
812	3121.63
813	3092.79
814	3079.92
815	3082.25
816	3006.2
817	3129.98
818	3108.96
819	3028.97
820	3084.63
821	3061.84
822	3104.37
823	3157.02
824	3171.86
825	3081.04
826	3092.45
827	3027.98
828	3082.39
829	3095.06
830	3037.8
831	3089.35
832	3110.29
833	3122.12
834	3069.52
835	3049.91
836	2993.81
837	3024.75
838	3016.51
839	3059.73
840	3109.29
841	3139.49
842	3051.41
843	3123.82
844	3070.97
845	3030.76
846	3115.57
847	3060.49
848	3166.88
849	3100.79
850	3114.03
851	3095.27
852	3083.65
853	3085.97
854	3113.08
855	3083.42
856	3061.48
857	3078.12
858	3111.64
859	3085.42
860	3028.72
861	3135.92
862	3148.79
863	3097.99
864	3130.95
865	3090.2
866	3146.65
867	3135.48
868	3077.13
869	3153.59
870	3090.87
871	3069.27
872	3109.28
873	3134.21
874	3154.49
875	3053.23
876	3103.1
877	3094.41
878	3103.77
879	3049.65
880	3158.35
881	3083.56
882	3074.68
883	3146.5
884	3147.07
885	3040.06
886	3145.02
887	3100.25
888	3079.67
889	3088.8
890	3061.67
891	3087.59
892	3098.5
893	3108.67
894	3173.18
895	3119.84
896	3112.63
897	3093.88
898	3100.35
899	3145.64
900	3083.7
901	3132.68
902	3043.37
903	3095.82
904	3090.33
905	3049.02
906	2974.19
907	3119.93
908	3052.71
909	3194.56
910	3076.28
911	3138.55
912	3037.11
913	3048.9
914	3138.61
915	3113.29
916	3116.27
917	3173.13
918	3109.78
919	3029.04
920	3139.33
921	3070.79
922	3011.77
923	3121.88
924	3038.25
925	3099.2
926	3037.03
927	3041.79
928	3024.49
929	3099.56
930	3074.77
931	3067.03
932	3090.89
933	3096.78
934	3065.03
935	3038.94
936	3037.11
937	3058.62
938	3008.64
939	3118.96
940	3086.42
941	3133.89
942	3140.19
943	3086.77
944	3083.21
945	3121.6
946	3187.6
947	3127.06
948	3101.64
949	3085.73
950	3185.15
951	3028.82
952	3168.26
953	3125.57
954	3166.46
955	3140.87
956	3146.33
957	3125.86
958	3132.66
959	3061.54
960	3129.71
961	3132.19
962	3142.04
963	3053.64
964	3116.83
965	3031.21
966	3001.53
967	3152.68
968	3083.28
969	3116.44
970	3023.49
971	3044.43
972	3093.13
973	3183.92
974	3121.27
975	3108.42
976	3045.2
977	3014.31
978	3050.46
979	3083.07
980	3155.56
981	3068.49
982	3078.24
983	3071.35
984	3112.3
985	3077.99
986	3008
987	3087.9
988	3094.35
989	3173.32
990	3049.85
991	3092.69
992	3074.59
993	3086.37
994	3104.04
995	3113.41
996	3184.63
997	3065.94
998	3169.11
999	3095.04
1000	3049.13
1001	3136.81
1002	3058.74
