Frame	Volume
1	759.056
2	706.843
3	718.202
4	725.923
5	700.867
6	698.985
7	762.492
8	746.622
9	764.816
10	724.302
11	700.765
12	738.731
13	739.09
14	721.31
15	673.047
16	711.855
17	717.796
18	705.96
19	722.449
20	743.951
21	739.344
22	749.386
23	725.774
24	794.611
25	750.788
26	712.352
27	755.251
28	716.692
29	720.446
30	722.894
31	702.241
32	718.862
33	739.218
34	724.03
35	707.478
36	716.979
37	726.267
38	724.282
39	731.045
40	771.338
41	706.056
42	747.872
43	694.689
44	734.984
45	747.368
46	705.492
47	724.57
48	732.741
49	726.605
50	735.889
51	783.371
52	706.341
53	737.821
54	712.085
55	728.708
56	718.915
57	701.241
58	726.289
59	690.821
60	700.556
61	760.762
62	743.76
63	738.836
64	710.035
65	710.303
66	710.62
67	717.064
68	723.837
69	711.281
70	740.919
71	725.703
72	712.434
73	752.076
74	750.024
75	739.39
76	724.669
77	712.286
78	771.159
79	735.913
80	727.487
81	706.731
82	743.495
83	742.281
84	753.31
85	728.972
86	760.133
87	761.179
88	730.52
89	761.961
90	770.087
91	763.947
92	728.129
93	709.741
94	721.417
95	719.914
96	746.497
97	714.402
98	726.713
99	745.255
100	721.075
101	716.325
102	740.471
103	726.222
104	731.127
105	725.202
106	743.932
107	714.354
108	718.716
109	715.361
110	725.707
111	729.045
112	741.824
113	715.931
114	706.335
115	731.046
116	765.607
117	782.015
118	745.904
119	732.929
120	733.011
121	712.533
122	712.382
123	725.947
124	742.29
125	699.349
126	778.404
127	698.687
128	720.863
129	750.59
130	721.618
131	739.765
132	758.189
133	705.777
134	726.582
135	704.564
136	724.659
137	701.452
138	733.601
139	761.927
140	695.213
141	707.774
142	762.619
143	736.762
144	738.345
145	737.457
146	767.176
147	727.036
148	713.922
149	733.803
150	743.409
151	722.201
152	687.687
153	735.426
154	725.189
155	776.237
156	699.913
157	721.475
158	699.603
159	726.621
160	742.572
161	718.776
162	714.061
163	750.377
164	722.02
165	735.059
166	729.939
167	691.09
168	746.125
169	710.982
170	756.305
171	690.794
172	764.115
173	710.469
174	733.455
175	742.089
176	723.598
177	699.499
178	721.755
179	730.485
180	738.586
181	715.208
182	735.249
183	732.491
184	730.728
185	736.891
186	753.628
187	701.205
188	719.111
189	726.271
190	710.255
191	702.255
192	714.484
193	738.531
194	724.96
195	734.008
196	736.967
197	713.868
198	747.382
199	707.539
200	709.079
201	742.339
202	712.881
203	720.49
204	727.184
205	712.609
206	756.361
207	727.493
208	758.881
209	687.579
210	696.662
211	725.927
212	671.149
213	709.712
214	713.04
215	759.401
216	721.906
217	727.353
218	748.92
219	739.661
220	747.564
221	731.623
222	733.399
223	724.651
224	730.626
225	752.972
226	732.508
227	727.456
228	727.779
229	717.96
230	750.012
231	693.036
232	723.863
233	764.23
234	739.189
235	737.884
236	752.494
237	715.537
238	732.079
239	721.433
240	702.644
241	746.348
242	694.795
243	723.424
244	730.987
245	709.272
246	733.689
247	739.16
248	778.495
249	736.49
250	738.554
251	755.357
252	752.683
253	721.818
254	709.9
255	716.867
256	735.315
257	715.115
258	750.038
259	708.204
260	743.371
261	705.386
262	756.315
263	757.895
264	725.973
265	749.473
266	722.291
267	760.372
268	732.695
269	717.394
270	725.356
271	720.147
272	698.235
273	738.429
274	700.077
275	718.268
276	740.962
277	733.718
278	731.216
279	735.841
280	737.817
281	700.295
282	721.343
283	750.134
284	706.192
285	712.887
286	735.026
287	692.914
288	725.759
289	728.529
290	728.258
291	730.265
292	711.758
293	747.192
294	755.786
295	721.398
296	727.611
297	723.498
298	690.851
299	708.134
300	707.633
301	718.217
302	733.227
303	737.72
304	759.588
305	725.23
306	731.972
307	724.795
308	716.237
309	724.406
310	727.763
311	732.003
312	725.84
313	714.424
314	727.124
315	739.666
316	731.746
317	719.172
318	724.268
319	717.964
320	742.801
321	736.071
322	718.577
323	697.798
324	766.394
325	713.397
326	702.536
327	753.93
328	756.22
329	757.281
330	738.046
331	753.276
332	707.202
333	700.172
334	714.524
335	715.15
336	724.643
337	755.237
338	741.143
339	766.558
340	729.722
341	716.547
342	706.31
343	706.922
344	731.044
345	762.724
346	725.946
347	708.894
348	717.754
349	741.543
350	740.838
351	688.282
352	727.494
353	714.223
354	752.231
355	714.162
356	712.061
357	716.08
358	712.576
359	731.498
360	746.758
361	732.535
362	751.373
363	733.512
364	722.923
365	704.376
366	746.397
367	720.146
368	726.479
369	746.471
370	723.847
371	716.833
372	785.866
373	685.155
374	740.039
375	749.4
376	741.433
377	740.524
378	724.294
379	719.733
380	737.813
381	736.844
382	709.551
383	714.396
384	726.698
385	712.861
386	720.887
387	728.875
388	728.478
389	752.209
390	709.669
391	714.786
392	721.098
393	756.188
394	734.111
395	745.448
396	742.529
397	732.887
398	743.461
399	722.572
400	756.166
401	729.969
402	735.968
403	721.731
404	727.436
405	690.256
406	725.138
407	733.535
408	713.172
409	696.14
410	740.479
411	718.226
412	721.541
413	703.795
414	740.212
415	715.954
416	727.186
417	736.428
418	726.985
419	744.354
420	753.491
421	726.543
422	722.078
423	683.723
424	720.985
425	742.647
426	692.038
427	732.819
428	744.889
429	722.293
430	733.882
431	713.183
432	689.591
433	734.972
434	716.15
435	722.054
436	728.269
437	740.031
438	745.362
439	718.154
440	714.177
441	725.843
442	736.991
443	681.374
444	707.252
445	748.512
446	730.179
447	740.679
448	717.864
449	706.336
450	711.091
451	711.992
452	732.571
453	736.003
454	730.715
455	712.958
456	739.417
457	737.929
458	704.998
459	713.753
460	733.805
461	724.988
462	720.593
463	737.345
464	749.349
465	727.152
466	740.18
467	746.459
468	774.658
469	684.26
470	703.661
471	733.597
472	725.543
473	739.314
474	743.254
475	737.967
476	730.506
477	716.062
478	703.335
479	737.04
480	717.315
481	740.809
482	745.141
483	722.364
484	706.98
485	732.093
486	731.094
487	708.955
488	734.218
489	703.614
490	754.643
491	751.971
492	725.308
493	714.666
494	725.498
495	761.955
496	681.864
497	727.91
498	724.519
499	719.138
500	709.6
501	741.135
502	722.888
503	705.678
504	731.641
505	731.354
506	720.222
507	736.804
508	726.506
509	726.356
510	738.925
511	704.738
512	742.16
513	741.655
514	741.734
515	720.466
516	753.164
517	696.254
518	730.392
519	746.791
520	703.809
521	735.938
522	751.66
523	737.836
524	729.256
525	706.285
526	735.883
527	740.726
528	728.625
529	703.3
530	748.382
531	767.345
532	729.381
533	738.039
534	740.612
535	725.545
536	734.365
537	708.439
538	724.989
539	717.672
540	702.44
541	744.276
542	721.065
543	763.757
544	716.175
545	738.495
546	736.684
547	745.704
548	704.824
549	722.727
550	727.522
551	706.888
552	752.803
553	729.742
554	753.673
555	702.188
556	729.306
557	722.448
558	734.935
559	706.453
560	754.297
561	740.766
562	740.506
563	718.628
564	713.317
565	759.811
566	721.875
567	739.721
568	760.797
569	743.074
570	748.054
571	735.595
572	728.332
573	700.317
574	715.798
575	703.936
576	785.095
577	717.26
578	728.667
579	745.502
580	742.319
581	719.451
582	722.634
583	744.001
584	719.608
585	732.764
586	725.517
587	762.363
588	759.815
589	706.623
590	702.438
591	745.671
592	737.799
593	734.479
594	711.837
595	711.408
596	691.591
597	737.953
598	778.785
599	747.438
600	757.758
601	720.151
602	739.532
603	744.707
604	708.247
605	705.506
606	753.906
607	720.562
608	719.87
609	743.208
610	745.412
611	722.212
612	727.418
613	718.609
614	722.489
615	727.762
616	760.06
617	694.949
618	705.686
619	721.771
620	750.361
621	748.488
622	720.404
623	732.399
624	736.043
625	721.523
626	702.46
627	738.324
628	759.866
629	720.158
630	734.973
631	718.182
632	685.921
633	711.328
634	756.317
635	700.8
636	723.597
637	734.631
638	708.493
639	730.852
640	731.135
641	735.102
642	736.05
643	714.983
644	717.91
645	718.469
646	728.595
647	732.536
648	779.601
649	742.072
650	706.586
651	726.754
652	731.739
653	730.207
654	722.328
655	733.886
656	754.141
657	749.137
658	730.428
659	739.616
660	736.189
661	699.552
662	750.982
663	728.49
664	714.57
665	709.826
666	700.405
667	704.645
668	748.455
669	748.401
670	731.97
671	758.753
672	741.317
673	733.184
674	725.294
675	762.237
676	774.981
677	729.2
678	735.445
679	722.483
680	726.386
681	733.17
682	702.806
683	730.433
684	719.427
685	680.701
686	719.064
687	746.686
688	718.986
689	725.268
690	736.702
691	748.324
692	728.085
693	702.989
694	702.832
695	704.263
696	731.079
697	757.179
698	691.944
699	728.154
700	705.636
701	735.095
702	761.269
703	703.444
704	730.337
705	706.224
706	695.331
707	748.608
708	724.667
709	720.179
710	701.309
711	757.965
712	747.544
713	724.923
714	740.591
715	738.82
716	750.19
717	753.878
718	707.666
719	741.51
720	667.337
721	716.563
722	741.596
723	753.06
724	712.231
725	731.15
726	715.477
727	735.95
728	734.353
729	731.649
730	710.139
731	745.7
732	752.394
733	727.934
734	723.309
735	727.412
736	708.464
737	700.981
738	747.013
739	771.025
740	750.054
741	758.112
742	757.411
743	741.419
744	726.692
745	700.313
746	723.135
747	755.858
748	721.168
749	734.484
750	759.355
751	691.166
752	755.945
753	756.111
754	747.938
755	754.245
756	729.578
757	707.649
758	717.228
759	753.814
760	732.643
761	747.231
762	752.519
763	721.395
764	746.813
765	710.545
766	767.974
767	723.017
768	740.74
769	757.845
770	721.971
771	760.241
772	768.134
773	721.365
774	714.939
775	747.036
776	744.019
777	736.001
778	725.515
779	744.644
780	735.763
781	729.827
782	729.409
783	731.691
784	717.3
785	703.215
786	706.61
787	727.227
788	738.097
789	766.669
790	745.562
791	736.276
792	747.889
793	751.776
794	741.532
795	718.305
796	701.676
797	759.234
798	736.264
799	708.776
800	686.064
801	721.855
802	745.169
803	706.264
804	747.985
805	722.9
806	738.289
807	713.015
808	716.38
809	709.077
810	745.66
811	726.547
812	720.434
813	714.683
814	726.815
815	760.593
816	729.917
817	754.756
818	723.475
819	724.29
820	712.112
821	725.647
822	704.307
823	743.146
824	767.73
825	713.557
826	705.238
827	715.11
828	740.49
829	724.193
830	662.955
831	720.263
832	703.095
833	710.19
834	720.675
835	719.5
836	717.065
837	735.231
838	724.042
839	734.456
840	724.751
841	757.769
842	705.188
843	776.64
844	724.386
845	737.146
846	716.826
847	692.711
848	744.919
849	738.959
850	739.837
851	724.337
852	717.736
853	734.727
854	756.569
855	690.953
856	752.44
857	746.258
858	703.006
859	691.614
860	690.034
861	749.929
862	763.118
863	738.643
864	728.755
865	697.547
866	728.582
867	707.622
868	742.412
869	729.614
870	730.229
871	728.893
872	765.732
873	733.108
874	743.551
875	735.399
876	752.836
877	708.574
878	753.125
879	715.635
880	743.485
881	734.763
882	720.914
883	761.783
884	732.51
885	698.663
886	752.449
887	716.23
888	754.811
889	704.969
890	706.158
891	685.84
892	716.507
893	761.531
894	766.144
895	711.272
896	765.19
897	767.52
898	709.343
899	750.21
900	732.853
901	744.024
902	730.295
903	714.356
904	754.753
905	716.103
906	719.205
907	758.397
908	725.124
909	744.417
910	737.081
911	737.132
912	751.495
913	762.734
914	700.53
915	733.028
916	732.868
917	748.348
918	742.988
919	721.389
920	748.492
921	746.888
922	728.299
923	722.249
924	725.706
925	725.713
926	699.323
927	708.394
928	720.546
929	732.243
930	702.925
931	735.872
932	736.645
933	714.198
934	731.442
935	721.387
936	709.759
937	728.893
938	732.637
939	737.561
940	723.955
941	764.362
942	736.376
943	710.36
944	737.971
945	740.052
946	729.238
947	719.552
948	759.264
949	741.18
950	724.317
951	703.879
952	752.46
953	753.045
954	700.91
955	723.584
956	778.092
957	745.742
958	727.267
959	706.113
960	729.382
961	761.56
962	703.228
963	733.286
964	754.743
965	697.559
966	720.718
967	714.505
968	694.294
969	733.994
970	733.613
971	672.06
972	741.903
973	721.032
974	743.245
975	711.085
976	704.589
977	733.187
978	723.911
979	704.452
980	730.642
981	720.707
982	738.19
983	732.151
984	698.985
985	706.593
986	693.012
987	744.214
988	790.249
989	758.261
990	716.465
991	730.754
992	729.2
993	719.422
994	724.342
995	735.468
996	787.438
997	705.694
998	718.424
999	765.954
1000	719.403
1001	758.848
1002	733.88
