Frame	Volume
1	1975.86
2	1897.74
3	1948.01
4	1933.87
5	1900.26
6	1866.47
7	1940.18
8	1902.58
9	1912.89
10	1921.76
11	1965.83
12	1939.02
13	1926.77
14	1952.85
15	1915.06
16	1886.44
17	1922.75
18	1897.58
19	1910.7
20	1937.68
21	1960.64
22	1931.82
23	1930.8
24	2015.36
25	1912.46
26	1919.77
27	1956.56
28	1946.67
29	1939.19
30	1958.24
31	1932.21
32	1928.36
33	1947.63
34	1894.8
35	1878.2
36	1883.07
37	1894.68
38	1871.61
39	1914.05
40	1980.78
41	1900.72
42	1943.02
43	1888.86
44	1946.45
45	1935.93
46	1855.28
47	1915.02
48	1921.91
49	1919.06
50	1928.88
51	1930.53
52	1914.71
53	1893.17
54	1947.88
55	1901.39
56	1936.42
57	1875.4
58	1901.46
59	1921.38
60	1868.47
61	1943.58
62	1944.43
63	1935.39
64	1920.86
65	1929.94
66	1908.36
67	1925.84
68	1949.16
69	1875.13
70	1967.69
71	1964.53
72	1917.97
73	1919.23
74	2012.02
75	1906.94
76	1938.2
77	1919.05
78	1954.13
79	1933.15
80	1841.51
81	1900.33
82	1910.97
83	1941.35
84	1941.18
85	1917.96
86	1976.89
87	1966.27
88	1890.75
89	1938.02
90	1967.4
91	1928.35
92	1889.07
93	1911.77
94	1904.65
95	1905.43
96	1926.41
97	1892.33
98	1908.45
99	1922.04
100	1919.71
101	1974.86
102	1962.33
103	1923.86
104	1885.55
105	1901.68
106	1944.91
107	1893.44
108	1967.17
109	1928.32
110	1936.75
111	1921.55
112	1914.22
113	1947.61
114	1900.48
115	1925.62
116	1891.98
117	1977.6
118	1930.41
119	1909.24
120	1931.56
121	1898.04
122	1925.33
123	1913.9
124	1928.14
125	2000.55
126	1939.56
127	1925.23
128	1925.49
129	1933.13
130	1929.38
131	1967.45
132	1934.16
133	1860.19
134	1946.87
135	1941.02
136	1969.28
137	1938.33
138	1937.88
139	2004.15
140	1886.93
141	1909.48
142	1912.69
143	1956.67
144	1917.35
145	1929.26
146	1915.62
147	1917.43
148	1939.91
149	1909.75
150	1952.51
151	1909.41
152	1895.65
153	1908.44
154	1938.24
155	1938.87
156	1884.49
157	1925.9
158	1865.12
159	1956.16
160	1965.17
161	1911.59
162	1953.2
163	1895.79
164	1931.44
165	1947.07
166	1955.72
167	1931.66
168	1902.76
169	1920.02
170	2010.3
171	1941.02
172	1976.72
173	1925.72
174	1939.43
175	1896.93
176	1886.88
177	1916.77
178	1915.21
179	1933.38
180	1956.78
181	1925.01
182	1948.27
183	1990.5
184	1929.39
185	1905.12
186	1965.44
187	1911.14
188	1908.88
189	1916.77
190	1904.77
191	1920.29
192	1978.81
193	1957.37
194	1971.86
195	1961.62
196	1973.15
197	1972.82
198	1963.79
199	1920.34
200	1860.19
201	1931.16
202	1889.3
203	1931.59
204	1889.55
205	1886.49
206	1917.23
207	1942.89
208	1937.69
209	1879.27
210	1882
211	1928.5
212	1932.71
213	1880.15
214	1914.7
215	1968.23
216	1918.18
217	1939.41
218	1917.04
219	1914.7
220	1919.32
221	1898.62
222	1954.85
223	1930.88
224	1931.64
225	1945.44
226	1943.87
227	1938.2
228	1923.7
229	1956.02
230	1902.08
231	1891.58
232	1916.3
233	1957.72
234	1924.51
235	1958.51
236	1943.8
237	1911.48
238	1945.73
239	1909.65
240	1926.96
241	1888.73
242	1826.42
243	1935.88
244	1900.79
245	1953.89
246	1962.77
247	2003.81
248	1951.43
249	1879.4
250	1941.47
251	1934.66
252	1904.92
253	1883.6
254	1938.11
255	1910.6
256	1893.06
257	1912.96
258	1954.45
259	1933.63
260	1992.36
261	1947.58
262	1980.07
263	1966.64
264	1950.17
265	1919.43
266	1916.32
267	1950.74
268	1914.79
269	1921.29
270	1933.12
271	1934.5
272	1891.13
273	1928.56
274	1892.62
275	1946.78
276	1991.2
277	1902.12
278	1929.24
279	1915.98
280	1900.01
281	1885.64
282	1947.2
283	1931.68
284	1903.6
285	1914.86
286	1943.8
287	1905.2
288	1926.26
289	2002.78
290	1946.23
291	1923.49
292	1924.72
293	1941.35
294	1936.79
295	1932.79
296	1872.09
297	1893.96
298	1886.22
299	1940.61
300	1951.1
301	1897.18
302	1945.09
303	1956.68
304	1957.17
305	1943.79
306	1936.96
307	1968.2
308	1889.79
309	1871.64
310	1934.64
311	1972.11
312	1894.69
313	1885.59
314	1905.48
315	1903.36
316	1902.16
317	1915.63
318	1953.58
319	1957.99
320	1943.67
321	1931.52
322	1925.49
323	1896.97
324	1927.18
325	1960.11
326	1912.35
327	1943.88
328	1937.36
329	1964.76
330	1940.06
331	1948.22
332	1905.93
333	1917.97
334	1946.95
335	1934.17
336	1920.43
337	1961.14
338	1905.33
339	1921.7
340	1901.08
341	1922.85
342	1913.62
343	1928.09
344	1932.12
345	1914.87
346	1957.35
347	1919.99
348	1926.93
349	1946.86
350	1914.3
351	1947.35
352	1954.53
353	1896.01
354	1937.09
355	1914.31
356	1916.07
357	1924.39
358	1940.84
359	1914.73
360	1951.11
361	1900.43
362	1946.35
363	1947.09
364	1903.15
365	1958.08
366	1919.45
367	1948.2
368	1928.19
369	1942.57
370	1961.96
371	1878.37
372	2001.16
373	1964.76
374	1932.15
375	1998.37
376	1995.75
377	1975.14
378	1902.6
379	1942.55
380	1882.44
381	1939.13
382	1896.16
383	1919.53
384	1940.29
385	1924.65
386	1974.25
387	1951.67
388	1910.55
389	1949.01
390	1896.79
391	1932.52
392	1954.89
393	1957.32
394	1943.43
395	1935.32
396	1919.48
397	1945.75
398	1959.59
399	1928.36
400	1931.57
401	1942.56
402	1922.93
403	1903.99
404	1939.82
405	1880.04
406	1922.74
407	1917.88
408	1959.21
409	1965.63
410	1944.93
411	1938.47
412	1910.46
413	1928.08
414	1955.11
415	1901.28
416	1906.58
417	1924.1
418	1954.86
419	1906.11
420	1954.2
421	1952.74
422	1889.84
423	1921.33
424	1950.42
425	1927.22
426	1910.48
427	1886.58
428	1975.48
429	1978.89
430	1968.67
431	1914.26
432	1924.45
433	1953.19
434	1912.57
435	1909.71
436	1947.23
437	1905.34
438	1907.49
439	1901.51
440	1960.86
441	1944.79
442	1956.92
443	1926.04
444	1914.67
445	1963.21
446	1900.91
447	1915.03
448	1912.13
449	1899.02
450	1934.31
451	1914.43
452	1918.28
453	1919.18
454	1938.1
455	1884.57
456	1952.07
457	1977.36
458	1935.6
459	1920.93
460	1943.14
461	1913.45
462	1872.61
463	1875.3
464	1964.4
465	1943.26
466	1905.61
467	1935.26
468	1923.06
469	1889.1
470	1915.24
471	1977.15
472	1898.87
473	1936.71
474	1948.2
475	1924.2
476	1911.11
477	1949.12
478	1937.64
479	1944.29
480	1911.46
481	1938.96
482	1941.78
483	1909.16
484	1914.74
485	2006.67
486	1913.9
487	1940.15
488	1924.04
489	1896.95
490	1921.55
491	1936.48
492	1939.07
493	1922.31
494	1892.44
495	1937.34
496	1849.67
497	1937.69
498	1924.84
499	1966.78
500	1927.64
501	1916.43
502	1912.71
503	1904.81
504	1959.19
505	1895.96
506	1917.88
507	1909.31
508	1897.04
509	1918.41
510	1898.65
511	1906.27
512	1908.68
513	1891.88
514	1902.52
515	1915.96
516	1959.89
517	1872.12
518	1941.02
519	1967.8
520	1922.63
521	1956.37
522	1924.2
523	1910.35
524	1896.1
525	1985.72
526	1950.76
527	1913.86
528	1942.62
529	1868.52
530	1917.99
531	1964.08
532	1924.67
533	1930.18
534	1947.68
535	1914.65
536	1933.64
537	1933.28
538	1923.37
539	1899.79
540	1923.99
541	1898.92
542	1943.19
543	1967.46
544	1968.86
545	1926.81
546	1893.07
547	1871.06
548	1911.48
549	1919.06
550	1887.58
551	1952.83
552	1961.15
553	1931.71
554	1952.34
555	1927.2
556	1925.32
557	1909.8
558	1901.45
559	1899.75
560	1933.71
561	1903.27
562	1929.89
563	1890.08
564	1954.6
565	1925.9
566	1938.09
567	1956.79
568	1933.39
569	1913.03
570	1930.01
571	1946.63
572	1919.51
573	1889.46
574	1936.15
575	1911.74
576	1991.22
577	1910.36
578	1956.23
579	1950.11
580	1908.84
581	1923.46
582	1884.4
583	1912.58
584	1924.75
585	1919.06
586	1912.26
587	1912.39
588	1961.56
589	1922.84
590	1880.04
591	2004.17
592	1899.45
593	2002.66
594	1904.8
595	1907.6
596	1883.6
597	1880.18
598	1915.66
599	1972.51
600	1942.53
601	1916.39
602	1941.99
603	1956.34
604	1887.66
605	1909.8
606	1979.4
607	1872.36
608	1907.12
609	1969.29
610	1943.25
611	1877.59
612	1915.79
613	1940.5
614	1931.04
615	1953.79
616	1922.57
617	1888.54
618	1938.59
619	1931.9
620	1935.99
621	1923.45
622	1920.42
623	1902.91
624	1929.97
625	1903.89
626	1901.26
627	1932.32
628	1953.48
629	1941.6
630	1922.22
631	1931.57
632	1939.39
633	1881.48
634	1970.31
635	1896.16
636	1934.14
637	1913.84
638	1893.84
639	1922.89
640	1941.39
641	1907.2
642	1944.9
643	1949.39
644	1886.35
645	1917.15
646	1889.13
647	1990.38
648	2003.28
649	1885.07
650	1955.14
651	1930.28
652	1900.44
653	1935.78
654	1950.33
655	1988.53
656	1943.97
657	1971.6
658	1945.02
659	1922.19
660	1890.46
661	1958.44
662	1937.13
663	1918.59
664	1900.25
665	1942.81
666	1949.28
667	1916.84
668	1935.99
669	1933.39
670	1936.94
671	1975.03
672	1921.29
673	1956.61
674	1921.11
675	1967.18
676	1925.63
677	1925.37
678	1980.22
679	1954.22
680	1929.27
681	1915.13
682	1916.42
683	1882.52
684	1931.09
685	1952.27
686	1897.09
687	1963.54
688	1943.16
689	1931.62
690	1974.05
691	1906.67
692	1929.34
693	1906.37
694	1944.66
695	1956.42
696	1906.34
697	1933.75
698	1920.14
699	1940.7
700	1912.31
701	1949.57
702	1938.92
703	1903.62
704	1903.15
705	1874.37
706	1918.28
707	1951.85
708	1896.47
709	1889.91
710	1926.97
711	1965.71
712	1916.44
713	1927.04
714	1908.06
715	1938.23
716	1970.11
717	1956.1
718	1959.35
719	1898.88
720	1894.31
721	1944.41
722	1918.65
723	1919.12
724	1928.55
725	1970.11
726	1960.73
727	1957.11
728	1886.84
729	1910.68
730	1909.8
731	1921.05
732	1962.03
733	1916.35
734	1898.66
735	1895.52
736	1947.34
737	1930.14
738	1956.7
739	1965.13
740	1932.02
741	1945.75
742	1986.79
743	1926.98
744	1889.82
745	1895.6
746	1862.71
747	1928.33
748	1920.68
749	1941.47
750	1946.53
751	1887.57
752	1905.37
753	1956.95
754	1936.31
755	1939.74
756	1932.89
757	1919.64
758	1914.16
759	1936.24
760	1926.78
761	1928.53
762	1918.54
763	1930.58
764	1905.91
765	1925.8
766	1905.09
767	1930.75
768	1897.87
769	1963.24
770	1934.99
771	1921.97
772	1950.71
773	1915.03
774	1912.88
775	1925.82
776	1922.5
777	1952.83
778	1914.72
779	1941.68
780	1931.38
781	1938.67
782	1913.8
783	1903.95
784	1937.24
785	1946.1
786	1882.88
787	1944.51
788	1921.32
789	1997.19
790	1909.97
791	1935.91
792	1938.69
793	1907.06
794	1943.49
795	1951.9
796	1897.29
797	1946.48
798	1959.85
799	1935.8
800	1890.89
801	1897.63
802	1943.21
803	1887.33
804	1921.29
805	1946.34
806	1952.75
807	1919.06
808	1940.12
809	1916.3
810	1945.62
811	1915.44
812	1943.75
813	1946.59
814	1916.64
815	1953.59
816	1912.75
817	1922.41
818	1949.26
819	1886.47
820	1941.58
821	1887.55
822	1924.97
823	1962.11
824	1934.61
825	1908.69
826	1903.84
827	1885.39
828	1947.62
829	1907.31
830	1925.68
831	1895.41
832	1933.37
833	1934.8
834	1872.31
835	1888.66
836	1907.65
837	1889.11
838	1886.5
839	1927.51
840	1968.34
841	1969.64
842	1914.58
843	1941.41
844	1913.38
845	1899.48
846	1934.55
847	1917.36
848	1925.25
849	1936.77
850	1923.49
851	1908.89
852	1908.38
853	1932.8
854	1969.73
855	1894.83
856	1947.86
857	1934.18
858	1953.25
859	1908.63
860	1890.32
861	1934.45
862	1982.43
863	1954.92
864	1945.3
865	1911.69
866	1939.3
867	1929.14
868	1931.48
869	1936.09
870	1926.88
871	1924.35
872	1962.69
873	1913.83
874	2005.02
875	1923.75
876	1906.4
877	1920.22
878	1918.17
879	1918.54
880	1949.82
881	1906.56
882	1941.3
883	1956.98
884	1956.5
885	1888.81
886	1972.62
887	1923.41
888	1964.65
889	1921.96
890	1887.18
891	1913.97
892	1898.13
893	1969.06
894	1940.69
895	1919.37
896	1913.36
897	1958.89
898	1951.06
899	1929.8
900	1887.91
901	1918.45
902	1920.21
903	1931.32
904	1901.31
905	1932.22
906	1893.64
907	1982.67
908	1929.2
909	1979.86
910	1914.46
911	1939.22
912	1917.63
913	1914.18
914	1912.94
915	1905.34
916	1907.35
917	1993.29
918	1934.11
919	1920.49
920	1959.89
921	1903.4
922	1900.85
923	1943.43
924	1906.28
925	1896.11
926	1876.84
927	1906.06
928	1909.96
929	1900.46
930	1954.89
931	1929.06
932	1945.29
933	1922.48
934	1898.97
935	1885.85
936	1953.65
937	1895.21
938	1902.07
939	1911.71
940	1913.77
941	1999.64
942	1944.87
943	1895.1
944	1934.41
945	1974.68
946	1985.51
947	1944.18
948	1923.71
949	1907.23
950	1939.57
951	1895.02
952	1976.57
953	1984.74
954	1983.14
955	1922.12
956	1953.65
957	1940.44
958	1935.74
959	1892.41
960	1972.1
961	1942.95
962	1968.67
963	1906.02
964	1939.11
965	1911.37
966	1906.85
967	1952.43
968	1854.62
969	1967.25
970	1897.09
971	1903.11
972	1921.59
973	1948.52
974	1952.51
975	1934.74
976	1924.44
977	1889.05
978	1952.05
979	1908.28
980	1978.68
981	1914.23
982	1927.93
983	1910.91
984	1911.78
985	1906.57
986	1867.88
987	1961.51
988	1902.94
989	1952.97
990	1877.68
991	1921.65
992	1902.75
993	1917.07
994	1923.64
995	1949.97
996	1987.84
997	1911.68
998	1972.6
999	1941.94
1000	1925.54
1001	1982.31
1002	1905.71
